Messtemperatur      21∞C
U-Bereich           8V   bis 10V
Anzahl der Meﬂpunkte     200
delay nach Einstellen der Spannung  s
Strombegrenzung     0.01 A
Kontakt             x
Beleuchtung         d
Kommentar eingeben

voltage / V   current / A   time

8	0.0001517631	3855.306
8.01	0.0001542754	3855.887
8.02	0.0001563241	3856.434
8.03	0.0001577464	3856.98
8.04	0.000160081	3857.526
8.05	0.0001621897	3858.073
8.06	0.0001642946	3858.62
8.07	0.0001654175	3859.167
8.08	0.0001678896	3859.713
8.09	0.0001688227	3860.26
8.1	0.0001711088	3860.807
8.11	0.0001725284	3861.354
8.12	0.0001728986	3861.9
8.13	0.0001785942	3862.447
8.14	0.0001771936	3862.994
8.15	0.0001789603	3863.541
8.16	0.0001806604	3864.087
8.17	0.0001832235	3864.633
8.18	0.0001851062	3865.18
8.19	0.0001871226	3865.727
8.2	0.0001881379	3866.272
8.21	0.0001898472	3866.819
8.22	0.0001919876	3867.366
8.23	0.0001928132	3867.913
8.24	0.0001947407	3868.461
8.25	0.0001959884	3869.008
8.26	0.0001987352	3869.555
8.27	0.0002028758	3870.102
8.28	0.0002042186	3870.648
8.29	0.0002060377	3871.195
8.3	0.0002078219	3871.742
8.31	0.0002100301	3872.289
8.32	0.0002111563	3872.835
8.33	0.0002132405	3873.382
8.34	0.0002147829	3873.929
8.35	0.0002167818	3874.476
8.36	0.0002173588	3875.022
8.37	0.0002191306	3875.569
8.38	0.0002206941	3876.116
8.39	0.0002224747	3876.663
8.4	0.0002236666	3877.21
8.41	0.0002251768	3877.757
8.42	0.0002264464	3878.304
8.43	0.0002275341	3878.85
8.44	0.0002294148	3879.396
8.45	0.0002310053	3879.942
8.46	0.0002329021	3880.488
8.47	0.0002340965	3881.036
8.48	0.0002365274	3881.582
8.49	0.0002378892	3882.128
8.5	0.0002397863	3882.675
8.51	0.0002408625	3883.222
8.52	0.0002424405	3883.769
8.53	0.0002446787	3884.315
8.54	0.0002463142	3884.861
8.55	0.000248457	3885.407
8.56	0.000250025	3885.955
8.57	0.0002521549	3886.501
8.58	0.0002532947	3887.048
8.59	0.0002553288	3887.595
8.6	0.0002566362	3888.142
8.61	0.0002589416	3888.688
8.62	0.0002606331	3889.235
8.63	0.0002620665	3889.783
8.64	0.0002637031	3890.329
8.65	0.0002646541	3890.875
8.66	0.0002665816	3891.422
8.67	0.0002682148	3891.969
8.68	0.0002705397	3892.515
8.69	0.000271576	3893.061
8.7	0.0002734484	3893.606
8.71	0.0002748362	3894.152
8.72	0.000276749	3894.699
8.73	0.0002786925	3895.246
8.74	0.0002806218	3895.792
8.75	0.0002821162	3896.339
8.76	0.0002830744	3896.885
8.77	0.0002850464	3897.431
8.78	0.0002862152	3897.977
8.79	0.0002881037	3898.522
8.8	0.0002894156	3899.069
8.81	0.0002911122	3899.615
8.82	0.000292764	3900.162
8.83	0.0002942383	3900.709
8.84	0.0002960858	3901.256
8.85	0.0002970679	3901.802
8.86	0.0002984679	3902.348
8.87	0.000299236	3902.894
8.88	0.0003005517	3903.44
8.89	0.0003015228	3903.987
8.9	0.0003041243	3904.534
8.91	0.0003056865	3905.081
8.92	0.0003077189	3905.627
8.93	0.0003096546	3906.173
8.94	0.0003111376	3906.719
8.95	0.0003132425	3907.266
8.96	0.0003142029	3907.812
8.97	0.0003160565	3908.358
8.98	0.0003169987	3908.905
8.99	0.000318569	3909.452
9	0.0003191511	3909.997
9.01	0.0003210239	3910.545
9.02	0.0003226705	3911.092
9.03	0.0003240912	3911.639
9.04	0.0003253993	3912.185
9.05	0.0003262571	3912.731
9.06	0.0003276727	3913.278
9.07	0.0003289362	3913.825
9.08	0.0003311508	3914.372
9.09	0.0003323374	3914.918
9.1	0.000334413	3915.465
9.11	0.0003356231	3916.013
9.12	0.000337204	3916.558
9.13	0.0003384228	3917.104
9.14	0.0003400718	3917.65
9.15	0.0003415805	3918.197
9.16	0.0003427862	3918.744
9.17	0.0003440829	3919.291
9.18	0.0003457606	3919.837
9.19	0.0003475495	3920.384
9.2	0.0003485747	3920.932
9.21	0.0003502501	3921.478
9.22	0.000351321	3922.023
9.23	0.0003528508	3922.57
9.24	0.0003541895	3923.117
9.25	0.0003555868	3923.664
9.26	0.0003572942	3924.211
9.27	0.0003587978	3924.757
9.28	0.0003606779	3925.305
9.29	0.000361625	3925.851
9.3	0.0003637725	3926.396
9.31	0.0003648099	3926.943
9.32	0.0003661928	3927.49
9.33	0.0003673644	3928.037
9.34	0.0003683829	3928.584
9.35	0.0003697163	3929.131
9.36	0.000370402	3929.677
9.37	0.0003726269	3930.223
9.38	0.0003741837	3930.769
9.39	0.0003758085	3931.315
9.4	0.0003764985	3931.862
9.41	0.0003782487	3932.409
9.42	0.0003796761	3932.956
9.43	0.000381248	3933.502
9.44	0.0003825239	3934.048
9.45	0.0003842102	3934.594
9.46	0.0003858712	3935.14
9.47	0.0003870552	3935.687
9.48	0.0003883054	3936.233
9.49	0.0003885704	3936.78
9.5	0.0003898192	3937.327
9.51	0.000391198	3937.873
9.52	0.0003928481	3938.421
9.53	0.0003946098	3938.968
9.54	0.0003962371	3939.515
9.55	0.0003977423	3940.062
9.56	0.000398691	3940.608
9.57	0.0004000141	3941.155
9.58	0.0004014317	3941.702
9.59	0.0004035093	3942.249
9.6	0.0004053531	3942.796
9.61	0.0004073494	3943.343
9.62	0.000408227	3943.89
9.63	0.0004093946	3944.437
9.64	0.0004110173	3944.983
9.65	0.0004129009	3945.53
9.66	0.0004146387	3946.077
9.67	0.0004160953	3946.623
9.68	0.0004175708	3947.169
9.69	0.0004190853	3947.717
9.7	0.0004206245	3948.263
9.71	0.0004218122	3948.811
9.72	0.0004238857	3949.357
9.73	0.0004246961	3949.904
9.74	0.0004251939	3950.45
9.75	0.0004260218	3950.996
9.76	0.0004269205	3951.542
9.77	0.0004279673	3952.09
9.78	0.0004288411	3952.636
9.79	0.0004312463	3953.183
9.8	0.0004324011	3953.729
9.81	0.0004340538	3954.276
9.82	0.0004350895	3954.822
9.83	0.0004362108	3955.368
9.84	0.0004368275	3955.914
9.85	0.0004378176	3956.46
9.86	0.0004391337	3957.007
9.87	0.0004401412	3957.554
9.88	0.0004418666	3958.101
9.89	0.0004437716	3958.647
9.9	0.000445492	3959.193
9.91	0.0004467367	3959.739
9.92	0.0004481111	3960.286
9.93	0.0004493768	3960.832
9.94	0.0004510153	3961.379
9.95	0.0004531388	3961.926
9.96	0.0004541944	3962.472
9.97	0.0004546137	3963.018
9.98	0.0004553057	3963.564
9.99	0.0004566269	3964.11
10	0.0004581881	3964.656
