Messtemperatur      21∞C
U-Bereich           -1.5V   bis 2V
Anzahl der Meﬂpunkte     200
delay nach Einstellen der Spannung  s
Strombegrenzung     1 A
Kontakt             x
Beleuchtung         d
Kommentar eingeben

voltage / V   current / A   time

-1.5	-0.5349675	13913.65
-1.4825	-0.5343036	13914.2
-1.465	-0.5345523	13914.75
-1.4475	-0.5349008	13915.29
-1.43	-0.5329397	13915.84
-1.4125	-0.5350478	13916.39
-1.395	-0.5315842	13916.94
-1.3775	-0.5333676	13917.48
-1.36	-0.5354216	13918.03
-1.3425	-0.5352103	13918.58
-1.325	-0.5357495	13919.12
-1.3075	-0.5346442	13919.67
-1.29	-0.536101	13920.22
-1.2725	-0.534037	13920.76
-1.255	-0.538192	13921.31
-1.2375	-0.5344442	13921.86
-1.22	-0.538215	13922.41
-1.2025	-0.5291066	13922.95
-1.185	-0.5287178	13923.5
-1.1675	-0.536292	13924.05
-1.15	-0.5357937	13924.59
-1.1325	-0.536963	13925.14
-1.115	-0.5354843	13925.69
-1.0975	-0.5376536	13926.24
-1.08	-0.5352778	13926.78
-1.0625	-0.5377883	13927.33
-1.045	-0.5366012	13927.88
-1.0275	-0.5364695	13928.43
-1.01	-0.5361747	13928.97
-0.9925	-0.5344137	13929.52
-0.975	-0.5361175	13930.07
-0.9575	-0.5349964	13930.62
-0.94	-0.5360807	13931.16
-0.9225	-0.5339561	13931.71
-0.905	-0.5353938	13932.26
-0.8875	-0.5343795	13932.8
-0.87	-0.5341895	13933.35
-0.8525	-0.5345359	13933.9
-0.835	-0.5343489	13934.44
-0.8175	-0.5352268	13934.99
-0.8	-0.5346201	13935.54
-0.7825	-0.5358276	13936.08
-0.765	-0.5351959	13936.63
-0.7475	-0.5361447	13937.18
-0.73	-0.5345667	13937.73
-0.7125	-0.5342193	13938.27
-0.695	-0.5340281	13938.82
-0.6775	-0.5337667	13939.37
-0.66	-0.534799	13939.92
-0.6425	-0.5343029	13940.46
-0.625	-0.5330081	13941.01
-0.6075	-0.5340685	13941.56
-0.59	-0.5327559	13942.1
-0.5725	-0.5331899	13942.65
-0.555	-0.5330779	13943.2
-0.5375	-0.5320876	13943.74
-0.52	-0.5332374	13944.29
-0.5025	-0.5326219	13944.84
-0.485	-0.5326247	13945.39
-0.4675	-0.5320263	13945.93
-0.45	-0.5329581	13946.48
-0.4325	-0.5302707	13947.03
-0.415	-0.5310756	13947.57
-0.3975	-0.531941	13948.12
-0.38	-0.5297377	13948.67
-0.3625	-0.5325766	13949.21
-0.345	-0.5302885	13949.76
-0.3275	-0.5326974	13950.31
-0.31	-0.5299807	13950.86
-0.2925	-0.5320012	13951.4
-0.275	-0.5313565	13951.95
-0.2575	-0.5324039	13952.5
-0.24	-0.5330848	13953.04
-0.2225	-0.5304325	13953.59
-0.205	-0.5336649	13954.14
-0.1875	-0.5310093	13954.68
-0.17	-0.5325658	13955.23
-0.1525	-0.5321491	13955.78
-0.135	-0.5321645	13956.33
-0.1175	-0.5315719	13956.87
-0.1	-0.5318791	13957.42
-0.0825	-0.5329096	13957.97
-0.065	-0.5300768	13958.51
-0.0475	-0.5326701	13959.06
-0.03	-0.5306348	13959.61
-0.0125	-0.5318962	13960.15
0.005	-0.5319325	13960.7
0.0225	-0.5314769	13961.25
0.04	-0.5312316	13961.79
0.0575	-0.532268	13962.34
0.075	-0.5287437	13962.89
0.0925	-0.5299847	13963.44
0.11	-0.5301821	13963.98
0.1275	-0.5295519	13964.53
0.145	-0.5288114	13965.08
0.1625	-0.5300446	13965.62
0.18	-0.5309527	13966.17
0.1975	-0.5294123	13966.72
0.215	-0.5307463	13967.26
0.2325	-0.5288741	13967.81
0.25	-0.5302323	13968.36
0.2675	-0.5297912	13968.91
0.285	-0.5283914	13969.45
0.3025	-0.5289402	13970
0.32	-0.5278575	13970.55
0.3375	-0.5289419	13971.09
0.355	-0.5284297	13971.64
0.3725	-0.5305219	13972.19
0.39	-0.527781	13972.73
0.4075	-0.5289279	13973.28
0.425	-0.529736	13973.83
0.4425	-0.5258621	13974.38
0.46	-0.5271484	13974.92
0.4775	-0.5248647	13975.47
0.495	-0.5260738	13976.02
0.5125	-0.524345	13976.56
0.53	-0.5266814	13977.11
0.5475	-0.5251147	13977.66
0.565	-0.5189164	13978.21
0.5825	-0.5188319	13978.75
0.6	-0.5171346	13979.3
0.6175	-0.51529	13979.85
0.635	-0.5197303	13980.39
0.6525	-0.5188368	13980.94
0.67	-0.5172534	13981.49
0.6875	-0.5146504	13982.04
0.705	-0.5135083	13982.58
0.7225	-0.5122817	13983.13
0.74	-0.4997622	13983.68
0.7575	-0.5038665	13984.22
0.775	-0.4988277	13984.77
0.7925	-0.4952617	13985.32
0.81	-0.4960201	13985.86
0.8275	-0.4919749	13986.41
0.845	-0.4931179	13986.96
0.8625	-0.4884903	13987.5
0.88	-0.488928	13988.05
0.8975	-0.4845372	13988.6
0.915	-0.4829652	13989.14
0.9325	-0.4820999	13989.69
0.95	-0.4818286	13990.24
0.9675	-0.4799536	13990.79
0.985	-0.4774203	13991.33
1.0025	-0.4315995	13991.88
1.02	-0.4274649	13992.43
1.0375	-0.4252203	13992.97
1.055	-0.4224441	13993.52
1.0725	-0.4220004	13994.07
1.09	-0.4160741	13994.61
1.1075	-0.4157375	13995.16
1.125	-0.4121164	13995.71
1.1425	-0.410486	13996.26
1.16	-0.406143	13996.8
1.1775	-0.401335	13997.4
1.195	-0.3971454	13997.95
1.2125	-0.3903996	13998.5
1.23	-0.3848028	13999.04
1.2475	-0.3760518	13999.59
1.265	-0.3691085	14000.14
1.2825	-0.3580371	14000.68
1.3	-0.3476901	14001.23
1.3175	-0.336185	14001.78
1.335	-0.3231392	14002.32
1.3525	-0.3083308	14002.87
1.37	-0.2944101	14003.42
1.3875	-0.2790301	14003.97
1.405	-0.2628418	14004.51
1.4225	-0.2469978	14005.06
1.44	-0.2279161	14005.61
1.4575	-0.2107302	14006.15
1.475	-0.1909751	14006.7
1.4925	-0.17145	14007.25
1.51	-0.1513905	14007.79
1.5275	-0.130207	14008.34
1.545	-0.1094885	14008.89
1.5625	-0.08637314	14009.5
1.58	-0.06485783	14010.08
1.5975	-0.04157742	14010.63
1.615	-0.01862877	14011.18
1.6325	0.004177724	14011.79
1.65	0.02957994	14012.5
1.6675	0.0532376	14013.07
1.685	0.07870538	14013.61
1.7025	0.1014844	14014.15
1.72	0.1272772	14014.78
1.7375	0.1534463	14015.36
1.755	0.178422	14015.9
1.7725	0.2047231	14016.45
1.79	0.2302476	14017
1.8075	0.2573004	14017.54
1.825	0.2830727	14018.09
1.8425	0.3093193	14018.64
1.86	0.3367392	14019.18
1.8775	0.362407	14019.73
1.895	0.3909299	14020.28
1.9125	0.4180774	14020.83
1.93	0.447384	14021.37
1.9475	0.4743254	14021.92
1.965	0.5033988	14022.47
1.9825	0.5286064	14023.01
2	0.5589152	14023.56
