Messtemperatur      21∞C
U-Bereich           -1.5V   bis 2V
Anzahl der Meﬂpunkte     200
delay nach Einstellen der Spannung  s
Strombegrenzung     1 A
Kontakt             x
Beleuchtung         d
Kommentar eingeben

voltage / V   current / A   time

-1.5	-0.0006112836	14110.23
-1.4825	-0.0006077079	14110.79
-1.465	-0.0006041745	14111.34
-1.4475	-0.0006006013	14111.89
-1.43	-0.0005972121	14112.43
-1.4125	-0.000593518	14112.98
-1.395	-0.0005900589	14113.53
-1.3775	-0.000586534	14114.08
-1.36	-0.0005829795	14114.62
-1.3425	-0.0005793866	14115.17
-1.325	-0.0005759199	14115.72
-1.3075	-0.0005724232	14116.26
-1.29	-0.0005688391	14116.81
-1.2725	-0.0005654215	14117.36
-1.255	-0.0005617859	14117.91
-1.2375	-0.0005583632	14118.45
-1.22	-0.000554765	14119
-1.2025	-0.0005511458	14119.55
-1.185	-0.000547728	14120.09
-1.1675	-0.0005441314	14120.64
-1.15	-0.0005406831	14121.19
-1.1325	-0.0005370651	14121.74
-1.115	-0.0005336608	14122.28
-1.0975	-0.0005300251	14122.83
-1.08	-0.0005265541	14123.38
-1.0625	-0.000523106	14123.92
-1.045	-0.0005194621	14124.47
-1.0275	-0.0005160763	14125.02
-1.01	-0.0005124112	14125.56
-0.9925	-0.000509128	14126.11
-0.975	-0.0005055694	14126.66
-0.9575	-0.0005020683	14127.21
-0.94	-0.0004985103	14127.75
-0.9225	-0.0004949374	14128.3
-0.905	-0.0004915102	14128.85
-0.8875	-0.0004875826	14129.4
-0.87	-0.000484102	14129.94
-0.8525	-0.0004805634	14130.49
-0.835	-0.0004769431	14131.04
-0.8175	-0.0004733485	14131.58
-0.8	-0.0004699108	14132.13
-0.7825	-0.0004662392	14132.68
-0.765	-0.0004628266	14133.22
-0.7475	-0.0004592183	14133.77
-0.73	-0.0004557966	14134.32
-0.7125	-0.0004521834	14134.87
-0.695	-0.0004486595	14135.41
-0.6775	-0.0004452629	14135.96
-0.66	-0.0004416091	14136.51
-0.6425	-0.0004382363	14137.05
-0.625	-0.0004345352	14137.6
-0.6075	-0.0004310664	14138.15
-0.59	-0.0004275759	14138.69
-0.5725	-0.0004240249	14139.24
-0.555	-0.0004204903	14139.79
-0.5375	-0.0004171293	14140.33
-0.52	-0.0004135255	14140.88
-0.5025	-0.0004099735	14141.43
-0.485	-0.0004068569	14141.98
-0.4675	-0.0004031595	14142.52
-0.45	-0.0003996559	14143.07
-0.4325	-0.000396019	14143.62
-0.415	-0.0003926604	14144.16
-0.3975	-0.0003888317	14144.71
-0.38	-0.0003854438	14145.26
-0.3625	-0.0003819106	14145.8
-0.345	-0.0003783707	14146.35
-0.3275	-0.000374956	14146.9
-0.31	-0.0003713697	14147.44
-0.2925	-0.0003676873	14147.99
-0.275	-0.0003639648	14148.54
-0.2575	-0.0003605962	14149.08
-0.24	-0.0003568994	14149.63
-0.2225	-0.0003536825	14150.18
-0.205	-0.0003502045	14150.73
-0.1875	-0.000346621	14151.27
-0.17	-0.000343145	14151.82
-0.1525	-0.0003396237	14152.37
-0.135	-0.0003360703	14152.91
-0.1175	-0.0003324698	14153.46
-0.1	-0.0003289612	14154.01
-0.0825	-0.0003253816	14154.56
-0.065	-0.00032188	14155.1
-0.0475	-0.000318272	14155.65
-0.03	-0.0003148845	14156.2
-0.0125	-0.0003111183	14156.74
0.005	-0.0003073823	14157.29
0.0225	-0.0003039481	14157.84
0.04	-0.0003000458	14158.38
0.0575	-0.0002966659	14158.93
0.075	-0.0002931885	14159.48
0.0925	-0.0002898458	14160.03
0.11	-0.0002862275	14160.57
0.1275	-0.0002828627	14161.12
0.145	-0.000279218	14161.67
0.1625	-0.0002756722	14162.21
0.18	-0.0002721914	14162.76
0.1975	-0.0002685075	14163.31
0.215	-0.0002651062	14163.85
0.2325	-0.0002615559	14164.4
0.25	-0.0002579868	14164.95
0.2675	-0.0002545117	14166.44
0.285	-0.0002510435	14166.99
0.3025	-0.0002474212	14167.54
0.32	-0.0002439837	14168.08
0.3375	-0.0002404537	14168.63
0.355	-0.0002369136	14169.18
0.3725	-0.0002334453	14169.73
0.39	-0.0002298502	14170.27
0.4075	-0.0002261466	14170.82
0.425	-0.0002225713	14171.37
0.4425	-0.0002190848	14171.91
0.46	-0.000215497	14172.46
0.4775	-0.0002122111	14173.01
0.495	-0.0002086681	14173.55
0.5125	-0.0002052072	14174.1
0.53	-0.000201566	14174.65
0.5475	-0.0001980812	14175.2
0.565	-0.000194476	14175.74
0.5825	-0.0001910589	14176.29
0.6	-0.0001875579	14176.84
0.6175	-0.0001839951	14177.38
0.635	-0.0001806263	14177.93
0.6525	-0.0001769262	14178.48
0.67	-0.0001735318	14179.03
0.6875	-0.0001699381	14179.57
0.705	-0.000166468	14180.12
0.7225	-0.0001627571	14180.67
0.74	-0.0001592926	14181.21
0.7575	-0.0001558009	14181.76
0.775	-0.0001521423	14182.31
0.7925	-0.0001486995	14182.86
0.81	-0.0001451001	14183.4
0.8275	-0.0001416035	14183.95
0.845	-0.0001380132	14184.5
0.8625	-0.0001344493	14185.04
0.88	-0.0001307518	14185.59
0.8975	-0.0001273675	14186.14
0.915	-0.0001238579	14186.68
0.9325	-0.0001202768	14187.23
0.95	-0.0001167852	14187.78
0.9675	-0.0001132324	14188.32
0.985	-0.000109745	14188.87
1.0025	-0.0001060953	14189.42
1.02	-0.0001027672	14189.96
1.0375	-9.901295E-05	14190.58
1.055	-9.544644E-05	14191.16
1.0725	-9.196242E-05	14191.71
1.09	-8.839538E-05	14192.25
1.1075	-8.485999E-05	14192.8
1.125	-8.129359E-05	14193.35
1.1425	-7.782926E-05	14193.89
1.16	-7.421785E-05	14194.44
1.1775	-7.069126E-05	14194.99
1.195	-6.707155E-05	14195.54
1.2125	-6.358541E-05	14196.08
1.23	-5.986705E-05	14196.63
1.2475	-5.654667E-05	14197.18
1.265	-5.298668E-05	14197.72
1.2825	-4.939E-05	14198.27
1.3	-4.602788E-05	14198.82
1.3175	-4.234618E-05	14199.36
1.335	-3.891396E-05	14199.91
1.3525	-3.534217E-05	14200.46
1.37	-3.180513E-05	14201
1.3875	-2.820673E-05	14201.55
1.405	-2.472992E-05	14202.1
1.4225	-2.11806E-05	14202.65
1.44	-1.760616E-05	14203.19
1.4575	-1.411394E-05	14203.74
1.475	-1.059586E-05	14204.29
1.4925	-7.111592E-06	14204.91
1.51	-3.481538E-06	14205.48
1.5275	-1.970973E-08	14206.11
1.545	3.48126E-06	14206.82
1.5625	7.117987E-06	14207.37
1.58	9.735424E-06	14207.91
1.5975	1.434928E-05	14208.61
1.615	1.777068E-05	14209.16
1.6325	2.130323E-05	14209.71
1.65	2.500651E-05	14210.26
1.6675	2.834894E-05	14210.8
1.685	3.207019E-05	14211.35
1.7025	3.551731E-05	14211.9
1.72	3.903558E-05	14212.44
1.7375	4.246115E-05	14212.99
1.755	4.611338E-05	14213.54
1.7725	4.970133E-05	14214.09
1.79	5.325787E-05	14214.63
1.8075	5.680848E-05	14215.18
1.825	6.040879E-05	14215.73
1.8425	6.380393E-05	14216.27
1.86	6.728349E-05	14216.82
1.8775	7.094596E-05	14217.37
1.895	7.434902E-05	14217.92
1.9125	7.798438E-05	14218.46
1.93	8.146476E-05	14219.01
1.9475	8.508474E-05	14219.56
1.965	8.858241E-05	14220.1
1.9825	9.215967E-05	14220.65
2	9.582809E-05	14221.2
