sec,Volt,sec,ch1
DataType	DisplayMode	Points	Count	Xincrement	Xorigin	Xreference	Yincrement	Yorigin	Yreference	Channel	
1	1	600	2	0,000004	0,0094560000594	0	0,0004	0,0244	100	1
ch1
25
26
24
25
24
26
27
23
25
23
27
21
21
25
26
22
23
25
25
23
25
23
25
23
23
25
24
23
24
25
23
25
25
23
24
25
24
25
25
23
25
24
25
27
27
25
25
27
24
27
25
24
23
25
24
25
24
25
25
23
25
23
25
23
23
25
25
23
24
25
25
26
26
23
25
22
23
26
23
25
25
24
25
24
24
25
23
25
25
23
24
23
23
25
24
25
25
22
24
23
23
25
24
22
23
25
23
24
24
23
24
25
24
23
23
24
24
22
23
24
22
24
22
24
24
23
23
25
23
24
22
24
22
24
23
25
25
23
25
20
22
22
26
20
22
25
25
22
22
24
24
22
23
25
23
22
22
24
22
24
22
24
22
23
23
22
22
23
24
21
25
22
23
25
22
25
23
25
21
24
26
21
22
26
26
21
23
26
24
22
23
26
24
23
23
27
24
28
27
30
28
31
33
28
30
37
35
41
42
50
52
69
76
69
73
80
76
67
66
58
54
58
58
49
47
42
43
38
37
33
34
30
31
28
30
28
29
25
27
30
29
26
27
29
28
26
28
26
27
30
29
32
32
38
39
43
45
49
50
37
34
38
39
44
36
43
40
30
31
28
30
26
29
25
23
28
24
26
24
27
23
25
26
22
23
22
24
22
23
22
22
23
22
23
22
21
21
23
22
25
23
25
22
24
25
22
21
23
22
23
22
23
23
22
24
22
23
21
18
30
27
20
22
23
24
22
23
22
21
24
28
21
17
23
26
18
19
23
26
20
21
26
25
20
22
25
20
23
23
21
22
24
20
22
28
19
20
21
29
18
20
29
29
19
18
38
29
16
36
18
16
24
34
18
19
31
30
19
22
27
25
21
22
25
23
21
23
22
24
22
22
24
26
21
21
27
20
23
26
20
19
23
24
22
22
24
24
21
22
25
22
23
23
22
23
21
22
23
23
22
21
23
22
23
22
21
21
32
25
18
25
21
21
23
24
21
20
24
24
21
22
22
22
23
23
21
22
21
21
23
21
23
23
21
22
23
22
24
22
20
21
23
23
20
20
22
21
23
20
24
22
21
21
24
20
22
21
23
21
22
23
21
21
23
23
21
22
21
22
23
21
24
21
29
23
21
23
27
23
27
28
24
26
29
26
29
28
31
30
34
34
41
43
60
63
78
80
73
72
69
72
60
58
53
52
41
41
38
36
32
34
29
30
27
28
26
27
25
27
24
26
25
26
24
27
25
26
28
27
29
28
31
32
37
37
42
40
48
42
45
44
38
37
32
32
30
31
29
29
28
28
25
25
22
31
21
21
27
24
21
24
21
24
21
21
24
21
25
25
20
20
24
23
19
21
22
21
22
21
22

