sec,Volt,sec,ch1
DataType	DisplayMode	Points	Count	Xincrement	Xorigin	Xreference	Yincrement	Yorigin	Yreference	Channel	
1	1	600	2	0,000004	0,0094560000594	0	0,0008	0,0488	100	1
ch1
35
33
35
35
35
35
35
34
35
34
39
34
34
36
35
34
34
35
34
33
35
33
33
34
35
33
33
35
35
34
34
36
36
37
36
36
36
35
36
35
37
34
35
33
37
34
33
35
35
33
34
35
35
33
33
35
33
34
34
35
35
34
34
33
35
33
34
33
34
33
33
33
33
36
38
33
33
35
33
35
33
35
33
34
35
33
33
34
34
33
34
33
33
34
34
33
33
34
34
33
33
34
34
33
34
33
33
34
33
34
33
34
33
34
33
34
35
33
33
34
34
33
33
34
34
33
33
34
34
34
34
33
33
34
34
33
33
38
33
35
37
34
34
36
35
34
34
36
35
34
35
36
36
37
37
40
40
48
51
59
59
66
67
70
70
79
80
76
75
71
71
68
67
61
60
54
53
52
52
51
51
48
48
46
46
47
46
46
47
46
45
46
47
55
55
65
66
72
69
72
72
77
73
70
69
61
61
57
56
51
51
48
47
48
47
46
46
45
45
44
45
43
42
43
43
46
47
52
53
52
52
51
51
50
49
51
53
50
50
47
45
42
42
41
42
38
38
39
39
38
38
37
37
36
37
35
36
35
35
34
34
35
34
33
32
34
38
32
32
34
35
33
33
33
34
33
33
34
33
33
33
34
33
33
33
33
33
32
33
34
33
32
33
34
33
34
33
31
33
32
33
31
32
33
33
32
32
33
32
33
32
33
33
32
33
32
33
32
33
32
33
32
33
31
32
33
33
31
32
37
37
33
33
35
34
34
35
33
33
34
33
34
33
34
33
33
33
33
33
32
33
32
33
34
33
33
33
35
35
34
35
35
35
36
34
35
35
33
33
34
33
34
34
33
33
34
34
33
33
33
32
34
33
34
33
33
33
32
33
32
33
32
32
37
37
31
34
32
33
32
33
32
33
32
32
33
32
33
32
33
33
32
33
33
33
32
33
32
33
32
33
33
33
32
33
32
33
32
32
33
33
32
33
32
32
33
33
33
33
32
33
32
33
33
33
32
33
33
33
33
33
34
33
33
33
33
34
32
38
32
33
35
36
34
34
35
35
37
36
41
41
49
51
67
69
76
77
81
77
67
67
63
63
59
59
54
53
48
48
46
44
44
43
42
42
43
43
46
46
59
59
63
63
76
78
75
78
75
75
67
66
59
58
52
51
47
48
46
46
43
40
45
45
38
40
38
38
40
40
41
42
53
54
50
51
52
52
50
51
44
44
40
40
37
38
37
36
39
37
36
36
35
35
34
33
35
34
33
33
34
33
33
34
32
32
33
33
34
33
33
33
32
33
32
33
32
32
33
32
33
33
31
31
33
38
29
31
34
34
31
31
34
30
33
33
31
31
33
33
32

