     -1.01000
    -0.872452
    -0.591825
    -0.268310
    0.0804529
     0.417017
     0.700059
     0.918245
      1.01000
     -1.01000
    -0.876093
    -0.612685
    -0.299431
    0.0961572
     0.464958
     0.721826
     0.921964
      1.01000
     -1.01000
    -0.875741
    -0.620137
    -0.294793
    0.0884449
     0.468910
     0.722282
     0.918437
      1.01000
     -1.01000
    -0.856859
    -0.585343
    -0.249659
    0.0932001
     0.400675
     0.677015
     0.901258
      1.01000
     -1.01000
    -0.857628
    -0.557080
    -0.249659
     0.100736
     0.412358
     0.686037
     0.910245
      1.01000
     -1.01000
    -0.875276
    -0.625900
    -0.328311
    0.0938232
     0.475306
     0.750463
     0.917310
      1.01000
     -1.01000
    -0.883052
    -0.629555
    -0.331464
    0.0900123
     0.475618
     0.734901
     0.921400
      1.01000
     -1.01000
    -0.890852
    -0.640066
    -0.313586
    0.0755535
     0.444080
     0.715092
     0.904095
      1.01000
     -1.01000
     -1.01000
     -1.01000
     -1.01000
     -1.01000
     -1.01000
     -1.01000
     -1.01000
    -0.897465
    -0.884989
    -0.877965
    -0.856973
    -0.858070
    -0.874790
    -0.878784
    -0.873030
    -0.639896
    -0.638256
    -0.627701
    -0.543924
    -0.556323
    -0.615581
    -0.609962
    -0.553854
    -0.305603
    -0.340953
    -0.325448
    -0.259270
    -0.266678
    -0.295631
    -0.269224
    -0.184411
    0.0496023
    0.0352455
    0.0646354
    0.0963720
     0.103418
     0.113528
     0.122422
     0.150170
     0.391260
     0.414470
     0.425915
     0.425915
     0.432322
     0.501145
     0.475657
     0.451063
     0.705351
     0.713453
     0.733675
     0.683949
     0.715331
     0.756041
     0.738474
     0.715269
     0.892203
     0.893420
     0.898115
     0.883761
     0.898675
     0.896354
     0.896079
     0.891444
      1.01000
      1.01000
      1.01000
      1.01000
      1.01000
      1.01000
      1.01000
      1.01000
