     -1.01000
    -0.903385
    -0.659544
    -0.364897
   -0.0206009
     0.345409
     0.664692
     0.864587
      1.01000
     -1.01000
    -0.910555
    -0.707579
    -0.457086
    -0.114535
     0.253490
     0.561073
     0.858444
      1.01000
     -1.01000
    -0.923333
    -0.753878
    -0.524309
    -0.188520
     0.178429
     0.492321
     0.823645
      1.01000
     -1.01000
    -0.917969
    -0.746133
    -0.562776
    -0.294793
    0.0239662
     0.413247
     0.813811
      1.01000
     -1.01000
    -0.912093
    -0.718085
    -0.500717
    -0.258121
    0.0521749
     0.410426
     0.799707
      1.01000
     -1.01000
    -0.903015
    -0.702071
    -0.504402
    -0.253092
     0.105860
     0.399142
     0.799279
      1.01000
     -1.01000
    -0.889389
    -0.665389
    -0.460770
    -0.254841
  -0.00973654
     0.325800
     0.730620
      1.01000
     -1.01000
    -0.899123
    -0.688313
    -0.470030
    -0.255885
  -0.00324333
     0.321595
     0.741593
      1.01000
     -1.01000
     -1.01000
     -1.01000
     -1.01000
     -1.01000
     -1.01000
     -1.01000
     -1.01000
    -0.727874
    -0.751887
    -0.764256
    -0.738312
    -0.747643
    -0.796029
    -0.821927
    -0.865497
    -0.284364
    -0.343791
    -0.389279
    -0.323476
    -0.351297
    -0.456470
    -0.486738
    -0.573599
    0.0412616
    0.0162669
   0.00358307
    0.0145475
   -0.0374055
    -0.111122
    -0.109414
    -0.233666
     0.271197
     0.273376
     0.333322
     0.281470
     0.281161
     0.281470
     0.159248
     0.151797
     0.455478
     0.460336
     0.564285
     0.440777
     0.555544
     0.551841
     0.542613
     0.480472
     0.658151
     0.688786
     0.742022
     0.702503
     0.784158
     0.785174
     0.727539
     0.704971
     0.853280
     0.879317
     0.889752
     0.881789
     0.913370
     0.917053
     0.879297
     0.873676
      1.01000
      1.01000
      1.01000
      1.01000
      1.01000
      1.01000
      1.01000
      1.01000
