K	N
1	0
2	0
3	0
4	0
5	0
6	0
7	0
8	0
9	0
10	0
11	0
12	0
13	0
14	0
15	0
16	0
17	0
18	0
19	0
20	0
21	0
22	0
23	0
24	0
25	0
26	0
27	0
28	0
29	0
30	0
31	0
32	0
33	0
34	0
35	0
36	0
37	0
38	0
39	0
40	0
41	0
42	0
43	0
44	0
45	0
46	0
47	0
48	0
49	0
50	0
51	0
52	0
53	0
54	0
55	0
56	0
57	0
58	0
59	0
60	0
61	0
62	0
63	0
64	0
65	0
66	0
67	0
68	0
69	0
70	0
71	0
72	0
73	0
74	0
75	0
76	0
77	0
78	0
79	0
80	0
81	53
82	48
83	53
84	53
85	47
86	49
87	67
88	53
89	60
90	56
91	43
92	55
93	51
94	56
95	50
96	44
97	67
98	41
99	55
100	58
101	58
102	44
103	35
104	49
105	39
106	42
107	54
108	39
109	56
110	41
111	52
112	55
113	62
114	52
115	44
116	57
117	41
118	54
119	49
120	48
121	40
122	47
123	71
124	41
125	46
126	52
127	51
128	58
129	57
130	53
131	49
132	60
133	42
134	64
135	42
136	45
137	47
138	49
139	47
140	43
141	52
142	57
143	60
144	55
145	50
146	52
147	49
148	37
149	44
150	41
151	47
152	49
153	59
154	57
155	47
156	43
157	55
158	53
159	50
160	54
161	42
162	51
163	53
164	47
165	55
166	57
167	45
168	50
169	63
170	61
171	45
172	43
173	53
174	52
175	37
176	45
177	51
178	58
179	49
180	41
181	38
182	41
183	51
184	44
185	37
186	43
187	58
188	49
189	55
190	50
191	37
192	47
193	60
194	55
195	42
196	41
197	46
198	45
199	43
200	58
201	42
202	51
203	42
204	37
205	55
206	44
207	49
208	39
209	49
210	54
211	60
212	54
213	41
214	49
215	44
216	47
217	53
218	59
219	45
220	49
221	38
222	48
223	40
224	52
225	55
226	39
227	45
228	51
229	64
230	44
231	37
232	45
233	47
234	53
235	53
236	37
237	42
238	47
239	39
240	64
241	58
242	48
243	40
244	51
245	48
246	45
247	37
248	44
249	49
250	45
251	38
252	47
253	46
254	56
255	55
256	48
257	54
258	47
259	57
260	52
261	48
262	46
263	63
264	76
265	45
266	57
267	58
268	52
269	48
270	44
271	48
272	52
273	49
274	48
275	48
276	48
277	40
278	43
279	60
280	62
281	56
282	58
283	58
284	50
285	49
286	48
287	55
288	48
289	55
290	56
291	41
292	52
293	65
294	65
295	47
296	59
297	54
298	50
299	55
300	54
301	40
302	56
303	64
304	65
305	52
306	55
307	64
308	45
309	58
310	39
311	56
312	53
313	55
314	68
315	65
316	51
317	67
318	57
319	66
320	60
321	54
322	74
323	63
324	69
325	56
326	64
327	48
328	66
329	65
330	70
331	80
332	73
333	84
334	67
335	72
336	83
337	88
338	69
339	86
340	76
341	81
342	73
343	99
344	94
345	93
346	102
347	92
348	95
349	90
350	80
351	94
352	93
353	91
354	99
355	95
356	101
357	81
358	78
359	106
360	105
361	94
362	86
363	97
364	95
365	89
366	80
367	73
368	83
369	81
370	77
371	90
372	87
373	68
374	88
375	61
376	77
377	80
378	78
379	72
380	63
381	77
382	71
383	81
384	72
385	64
386	73
387	73
388	59
389	53
390	72
391	58
392	70
393	69
394	65
395	68
396	67
397	67
398	70
399	72
400	74
401	68
402	61
403	57
404	68
405	66
406	69
407	65
408	60
409	60
410	72
411	60
412	75
413	60
414	54
415	58
416	56
417	58
418	56
419	59
420	68
421	72
422	57
423	65
424	68
425	49
426	56
427	55
428	60
429	60
430	53
431	60
432	48
433	50
434	54
435	61
436	49
437	49
438	59
439	52
440	56
441	46
442	44
443	56
444	54
445	50
446	54
447	40
448	70
449	47
450	47
451	55
452	48
453	64
454	43
455	49
456	62
457	66
458	45
459	49
460	45
461	51
462	61
463	58
464	47
465	52
466	41
467	64
468	60
469	48
470	67
471	51
472	62
473	50
474	62
475	57
476	63
477	54
478	57
479	37
480	47
481	57
482	45
483	62
484	46
485	55
486	54
487	59
488	54
489	49
490	65
491	57
492	55
493	70
494	47
495	62
496	50
497	61
498	57
499	49
500	54
501	55
502	70
503	52
504	55
505	52
506	68
507	53
508	69
509	67
510	64
511	53
512	63
513	61
514	69
515	50
516	58
517	57
518	69
519	44
520	56
521	53
522	53
523	48
524	62
525	58
526	59
527	48
528	58
529	47
530	49
531	54
532	70
533	48
534	70
535	63
536	66
537	54
538	56
539	56
540	45
541	54
542	66
543	60
544	60
545	43
546	45
547	68
548	59
549	60
550	57
551	53
552	60
553	53
554	63
555	51
556	59
557	55
558	65
559	57
560	38
561	61
562	51
563	54
564	53
565	47
566	66
567	59
568	55
569	52
570	43
571	52
572	51
573	57
574	63
575	51
576	55
577	53
578	49
579	56
580	60
581	56
582	67
583	64
584	58
585	70
586	50
587	74
588	62
589	63
590	48
591	55
592	59
593	61
594	47
595	62
596	61
597	50
598	56
599	59
600	67
601	49
602	66
603	53
604	58
605	56
606	60
607	38
608	52
609	53
610	51
611	79
612	71
613	67
614	65
615	58
616	51
617	58
618	55
619	59
620	44
621	54
622	57
623	60
624	57
625	53
626	66
627	66
628	59
629	51
630	69
631	66
632	61
633	66
634	55
635	52
636	59
637	51
638	53
639	57
640	60
641	67
642	56
643	62
644	76
645	46
646	79
647	62
648	70
649	71
650	60
651	70
652	67
653	67
654	62
655	73
656	54
657	65
658	67
659	62
660	68
661	76
662	56
663	63
664	48
665	68
666	57
667	73
668	58
669	59
670	75
671	50
672	65
673	64
674	56
675	53
676	71
677	82
678	54
679	64
680	71
681	69
682	53
683	57
684	65
685	68
686	56
687	57
688	70
689	72
690	49
691	67
692	69
693	50
694	65
695	72
696	76
697	64
698	55
699	50
700	57
701	76
702	64
703	48
704	75
705	58
706	64
707	57
708	58
709	68
710	65
711	64
712	72
713	63
714	63
715	56
716	61
717	55
718	54
719	71
720	82
721	71
722	59
723	68
724	75
725	62
726	74
727	57
728	70
729	70
730	67
731	61
732	77
733	53
734	60
735	70
736	61
737	72
738	75
739	70
740	72
741	80
742	60
743	83
744	56
745	77
746	68
747	61
748	52
749	70
750	66
751	60
752	61
753	59
754	74
755	68
756	55
757	67
758	69
759	89
760	64
761	76
762	67
763	75
764	74
765	60
766	82
767	62
768	60
769	62
770	70
771	83
772	65
773	62
774	65
775	54
776	84
777	60
778	77
779	69
780	77
781	50
782	62
783	56
784	75
785	84
786	73
787	78
788	63
789	79
790	75
791	76
792	74
793	73
794	71
795	67
796	67
797	82
798	74
799	74
800	82
801	84
802	79
803	78
804	68
805	75
806	52
807	69
808	79
809	71
810	79
811	77
812	68
813	68
814	68
815	70
816	83
817	62
818	83
819	81
820	68
821	74
822	66
823	85
824	75
825	79
826	75
827	82
828	73
829	83
830	82
831	61
832	88
833	62
834	78
835	78
836	76
837	79
838	75
839	69
840	84
841	80
842	70
843	83
844	87
845	80
846	80
847	106
848	74
849	87
850	58
851	73
852	76
853	115
854	93
855	69
856	90
857	81
858	69
859	81
860	74
861	94
862	72
863	66
864	84
865	78
866	77
867	87
868	87
869	76
870	69
871	75
872	78
873	88
874	94
875	101
876	82
877	87
878	79
879	85
880	82
881	81
882	86
883	74
884	88
885	93
886	86
887	102
888	75
889	102
890	82
891	79
892	84
893	91
894	84
895	86
896	100
897	84
898	76
899	106
900	83
901	90
902	82
903	92
904	79
905	91
906	79
907	84
908	96
909	88
910	80
911	96
912	77
913	83
914	88
915	89
916	107
917	85
918	86
919	92
920	86
921	99
922	93
923	102
924	85
925	99
926	85
927	110
928	83
929	96
930	91
931	92
932	96
933	90
934	64
935	92
936	76
937	86
938	93
939	109
940	118
941	82
942	98
943	100
944	86
945	96
946	95
947	104
948	94
949	98
950	91
951	102
952	102
953	90
954	98
955	95
956	99
957	98
958	113
959	82
960	90
961	91
962	101
963	105
964	85
965	108
966	88
967	105
968	90
969	98
970	90
971	94
972	112
973	104
974	93
975	106
976	99
977	88
978	101
979	122
980	97
981	108
982	98
983	95
984	102
985	98
986	119
987	90
988	87
989	107
990	102
991	89
992	88
993	96
994	101
995	107
996	98
997	103
998	95
999	109
1000	121
1001	104
1002	90
1003	101
1004	102
1005	96
1006	117
1007	107
1008	111
1009	106
1010	99
1011	105
1012	123
1013	114
1014	128
1015	112
1016	122
1017	91
1018	105
1019	103
1020	114
1021	107
1022	105
1023	103
1024	0
