K	N
1	0
2	0
3	0
4	0
5	0
6	0
7	0
8	0
9	0
10	0
11	0
12	0
13	0
14	0
15	0
16	0
17	0
18	0
19	0
20	0
21	0
22	0
23	0
24	0
25	0
26	0
27	0
28	0
29	0
30	0
31	0
32	0
33	0
34	0
35	0
36	0
37	0
38	0
39	0
40	0
41	0
42	0
43	0
44	0
45	0
46	0
47	0
48	0
49	0
50	0
51	0
52	0
53	0
54	0
55	0
56	0
57	0
58	0
59	0
60	0
61	0
62	0
63	0
64	0
65	0
66	0
67	0
68	0
69	0
70	0
71	0
72	0
73	0
74	0
75	0
76	0
77	0
78	0
79	0
80	0
81	99
82	90
83	89
84	105
85	81
86	105
87	91
88	94
89	115
90	88
91	98
92	95
93	90
94	123
95	125
96	102
97	109
98	142
99	121
100	104
101	103
102	120
103	108
104	128
105	134
106	120
107	120
108	124
109	109
110	134
111	145
112	144
113	131
114	136
115	147
116	137
117	108
118	145
119	138
120	125
121	139
122	131
123	134
124	147
125	137
126	132
127	128
128	120
129	129
130	139
131	128
132	125
133	122
134	99
135	119
136	99
137	110
138	97
139	106
140	85
141	94
142	113
143	93
144	97
145	108
146	86
147	99
148	84
149	76
150	96
151	96
152	86
153	81
154	95
155	82
156	76
157	81
158	80
159	78
160	71
161	94
162	81
163	91
164	78
165	69
166	77
167	80
168	77
169	78
170	65
171	69
172	67
173	97
174	77
175	78
176	82
177	70
178	107
179	77
180	97
181	79
182	90
183	89
184	92
185	81
186	77
187	77
188	87
189	83
190	73
191	87
192	81
193	83
194	105
195	106
196	101
197	75
198	90
199	93
200	98
201	97
202	91
203	93
204	102
205	75
206	82
207	117
208	122
209	111
210	100
211	104
212	103
213	97
214	123
215	93
216	95
217	99
218	132
219	96
220	98
221	115
222	116
223	129
224	114
225	104
226	120
227	116
228	124
229	127
230	145
231	137
232	156
233	146
234	142
235	134
236	163
237	138
238	164
239	133
240	146
241	174
242	177
243	154
244	165
245	176
246	157
247	177
248	198
249	202
250	215
251	217
252	228
253	236
254	213
255	232
256	251
257	249
258	283
259	272
260	297
261	303
262	322
263	325
264	399
265	398
266	419
267	405
268	457
269	493
270	502
271	563
272	613
273	680
274	636
275	772
276	783
277	819
278	840
279	954
280	1018
281	1078
282	1042
283	1148
284	1236
285	1315
286	1436
287	1444
288	1526
289	1620
290	1652
291	1781
292	1814
293	1935
294	1884
295	2040
296	2119
297	2173
298	2230
299	2359
300	2356
301	2303
302	2296
303	2475
304	2496
305	2542
306	2582
307	2619
308	2711
309	2717
310	2909
311	2926
312	2944
313	2986
314	3035
315	3155
316	3054
317	3179
318	3303
319	3361
320	3473
321	3622
322	3685
323	3727
324	3957
325	4015
326	4034
327	4215
328	4267
329	4469
330	4631
331	4597
332	4828
333	4841
334	5148
335	5114
336	5292
337	5193
338	5305
339	5455
340	5600
341	5623
342	5689
343	5739
344	5776
345	5465
346	5685
347	5546
348	5603
349	5421
350	5341
351	5314
352	5089
353	5089
354	4836
355	4861
356	4534
357	4579
358	4369
359	4177
360	3983
361	3840
362	3626
363	3431
364	3345
365	3100
366	2929
367	2692
368	2611
369	2440
370	2403
371	2106
372	1947
373	1853
374	1704
375	1538
376	1441
377	1314
378	1252
379	1207
380	1112
381	958
382	902
383	743
384	748
385	635
386	602
387	582
388	515
389	487
390	394
391	390
392	362
393	316
394	309
395	270
396	298
397	240
398	250
399	234
400	196
401	191
402	178
403	166
404	134
405	158
406	154
407	150
408	142
409	114
410	127
411	139
412	122
413	99
414	122
415	131
416	121
417	107
418	133
419	115
420	120
421	121
422	132
423	126
424	106
425	132
426	118
427	135
428	129
429	134
430	117
431	125
432	148
433	126
434	129
435	144
436	144
437	135
438	123
439	141
440	165
441	152
442	149
443	136
444	150
445	136
446	161
447	146
448	152
449	157
450	156
451	156
452	175
453	165
454	155
455	175
456	164
457	144
458	154
459	211
460	179
461	177
462	172
463	185
464	191
465	163
466	200
467	179
468	214
469	179
470	190
471	213
472	195
473	200
474	173
475	177
476	226
477	225
478	209
479	248
480	226
481	218
482	214
483	223
484	233
485	235
486	209
487	199
488	216
489	216
490	223
491	251
492	206
493	250
494	247
495	244
496	231
497	253
498	231
499	234
500	266
501	264
502	265
503	263
504	278
505	291
506	270
507	289
508	257
509	290
510	256
511	318
512	289
513	320
514	276
515	306
516	301
517	306
518	346
519	311
520	315
521	338
522	314
523	333
524	338
525	304
526	344
527	370
528	352
529	354
530	373
531	397
532	384
533	410
534	403
535	419
536	424
537	435
538	488
539	478
540	482
541	514
542	462
543	474
544	491
545	531
546	528
547	582
548	565
549	549
550	638
551	637
552	684
553	694
554	713
555	667
556	772
557	776
558	803
559	853
560	855
561	895
562	952
563	937
564	1040
565	1054
566	1087
567	1206
568	1203
569	1170
570	1306
571	1375
572	1471
573	1527
574	1567
575	1719
576	1748
577	1727
578	1813
579	2024
580	2122
581	2250
582	2450
583	2525
584	2681
585	2803
586	2961
587	3130
588	3326
589	3425
590	3764
591	3870
592	4022
593	4265
594	4521
595	4808
596	4991
597	5266
598	5677
599	5949
600	6234
601	6435
602	7016
603	7289
604	7642
605	7955
606	8275
607	8871
608	9243
609	9676
610	10021
611	10481
612	10975
613	11560
614	12137
615	12785
616	13027
617	13927
618	14364
619	14882
620	15725
621	16315
622	17143
623	17590
624	18403
625	19320
626	19836
627	20419
628	21517
629	22042
630	22761
631	23710
632	24390
633	25233
634	26022
635	26997
636	27878
637	28383
638	29647
639	30356
640	31068
641	31575
642	32603
643	33123
644	34121
645	34739
646	35883
647	35922
648	36631
649	37625
650	38138
651	38433
652	39434
653	39376
654	39766
655	40033
656	40561
657	41147
658	41416
659	41188
660	41312
661	41284
662	41062
663	41560
664	41375
665	41094
666	40746
667	41168
668	40849
669	39728
670	39982
671	38950
672	38547
673	37792
674	37278
675	36942
676	35893
677	35220
678	34714
679	33950
680	33279
681	32033
682	31057
683	30651
684	29178
685	28658
686	27619
687	26668
688	25869
689	24571
690	24070
691	23020
692	22061
693	20991
694	20435
695	19498
696	18434
697	17779
698	16790
699	15988
700	15095
701	14270
702	13525
703	12796
704	12104
705	11327
706	10548
707	9941
708	9466
709	8775
710	8210
711	7758
712	7285
713	6662
714	6153
715	5834
716	5490
717	5026
718	4709
719	4327
720	3958
721	3665
722	3471
723	3194
724	2780
725	2613
726	2340
727	2228
728	1903
729	1809
730	1587
731	1490
732	1366
733	1232
734	1133
735	1020
736	950
737	824
738	774
739	645
740	597
741	508
742	533
743	450
744	385
745	391
746	353
747	289
748	287
749	253
750	201
751	196
752	174
753	169
754	150
755	134
756	111
757	91
758	86
759	96
760	68
761	81
762	72
763	63
764	61
765	60
766	60
767	45
768	37
769	37
770	31
771	37
772	32
773	35
774	22
775	34
776	23
777	25
778	32
779	20
780	17
781	19
782	19
783	21
784	21
785	11
786	22
787	20
788	19
789	26
790	8
791	18
792	8
793	12
794	16
795	11
796	17
797	22
798	27
799	15
800	18
801	13
802	14
803	21
804	17
805	9
806	23
807	20
808	19
809	16
810	12
811	10
812	18
813	12
814	19
815	13
816	8
817	14
818	19
819	19
820	11
821	13
822	13
823	13
824	16
825	6
826	9
827	19
828	12
829	13
830	14
831	21
832	17
833	14
834	13
835	18
836	16
837	17
838	14
839	10
840	10
841	18
842	12
843	11
844	15
845	13
846	21
847	18
848	18
849	17
850	11
851	15
852	12
853	14
854	11
855	9
856	12
857	16
858	13
859	20
860	14
861	17
862	18
863	10
864	13
865	16
866	15
867	18
868	13
869	15
870	19
871	20
872	14
873	20
874	16
875	13
876	17
877	14
878	18
879	12
880	14
881	23
882	28
883	24
884	26
885	13
886	15
887	22
888	11
889	22
890	19
891	18
892	17
893	21
894	23
895	21
896	24
897	19
898	27
899	26
900	22
901	26
902	20
903	15
904	21
905	27
906	25
907	27
908	21
909	19
910	22
911	24
912	26
913	26
914	24
915	31
916	28
917	33
918	30
919	34
920	24
921	33
922	28
923	23
924	24
925	26
926	28
927	36
928	25
929	18
930	24
931	29
932	35
933	28
934	32
935	32
936	27
937	33
938	37
939	32
940	34
941	27
942	38
943	34
944	29
945	27
946	38
947	34
948	39
949	51
950	35
951	43
952	36
953	43
954	47
955	40
956	45
957	45
958	45
959	42
960	35
961	49
962	33
963	50
964	41
965	45
966	54
967	46
968	32
969	49
970	46
971	58
972	49
973	47
974	49
975	47
976	59
977	46
978	71
979	51
980	52
981	49
982	64
983	56
984	52
985	63
986	57
987	69
988	57
989	56
990	69
991	51
992	67
993	65
994	64
995	55
996	75
997	68
998	68
999	89
1000	73
1001	84
1002	80
1003	68
1004	84
1005	68
1006	70
1007	78
1008	81
1009	89
1010	79
1011	70
1012	77
1013	86
1014	74
1015	84
1016	83
1017	97
1018	104
1019	102
1020	105
1021	103
1022	95
1023	97
1024	0
