K	N
1	0
2	0
3	0
4	0
5	0
6	0
7	0
8	0
9	0
10	0
11	0
12	0
13	0
14	0
15	0
16	0
17	0
18	0
19	0
20	0
21	0
22	0
23	0
24	0
25	0
26	0
27	0
28	0
29	0
30	0
31	0
32	0
33	0
34	0
35	0
36	0
37	0
38	0
39	0
40	0
41	0
42	0
43	0
44	0
45	0
46	0
47	0
48	0
49	0
50	0
51	0
52	0
53	0
54	0
55	0
56	0
57	0
58	0
59	0
60	0
61	0
62	0
63	0
64	0
65	0
66	0
67	0
68	0
69	0
70	0
71	0
72	0
73	0
74	0
75	0
76	0
77	0
78	0
79	0
80	0
81	1162
82	1149
83	1121
84	1148
85	1190
86	1081
87	1100
88	1176
89	1099
90	1189
91	1153
92	1123
93	1122
94	1103
95	1166
96	1154
97	1129
98	1085
99	1080
100	1026
101	1018
102	1098
103	1134
104	1171
105	1210
106	1208
107	1156
108	1159
109	1158
110	1087
111	996
112	1006
113	951
114	947
115	929
116	904
117	903
118	821
119	832
120	801
121	792
122	777
123	713
124	748
125	681
126	701
127	631
128	664
129	647
130	688
131	600
132	625
133	590
134	569
135	562
136	540
137	551
138	547
139	546
140	508
141	536
142	546
143	512
144	502
145	490
146	566
147	508
148	496
149	409
150	471
151	498
152	495
153	501
154	472
155	444
156	458
157	461
158	422
159	477
160	421
161	422
162	444
163	387
164	464
165	385
166	460
167	397
168	416
169	418
170	426
171	396
172	409
173	425
174	422
175	399
176	390
177	417
178	400
179	424
180	451
181	460
182	509
183	507
184	459
185	487
186	542
187	535
188	569
189	567
190	572
191	571
192	570
193	560
194	548
195	596
196	556
197	617
198	606
199	672
200	587
201	587
202	563
203	638
204	618
205	621
206	643
207	639
208	616
209	620
210	648
211	650
212	598
213	603
214	646
215	644
216	592
217	616
218	614
219	664
220	618
221	607
222	631
223	620
224	598
225	619
226	641
227	609
228	668
229	652
230	662
231	623
232	624
233	634
234	626
235	639
236	611
237	607
238	639
239	621
240	583
241	581
242	670
243	669
244	628
245	657
246	679
247	661
248	608
249	609
250	641
251	599
252	614
253	589
254	604
255	654
256	634
257	655
258	653
259	666
260	648
261	656
262	627
263	660
264	614
265	639
266	684
267	658
268	646
269	645
270	663
271	698
272	634
273	691
274	672
275	720
276	711
277	664
278	715
279	639
280	684
281	692
282	760
283	681
284	689
285	702
286	692
287	699
288	709
289	746
290	721
291	775
292	696
293	733
294	764
295	807
296	759
297	803
298	817
299	804
300	819
301	806
302	894
303	835
304	925
305	903
306	919
307	972
308	1019
309	1102
310	1093
311	1153
312	1178
313	1320
314	1265
315	1238
316	1337
317	1433
318	1530
319	1612
320	1682
321	1725
322	1749
323	1913
324	1947
325	2045
326	2152
327	2217
328	2142
329	2386
330	2382
331	2565
332	2605
333	2673
334	2814
335	2957
336	2962
337	3049
338	3017
339	3300
340	3259
341	3307
342	3434
343	3376
344	3447
345	3527
346	3701
347	3636
348	3648
349	3588
350	3633
351	3741
352	3611
353	3607
354	3591
355	3682
356	3713
357	3524
358	3535
359	3492
360	3347
361	3322
362	3320
363	3150
364	3195
365	3051
366	3118
367	2965
368	2940
369	2865
370	2671
371	2686
372	2618
373	2638
374	2498
375	2379
376	2351
377	2246
378	2239
379	2229
380	2120
381	2036
382	1899
383	1968
384	1978
385	1808
386	1886
387	1768
388	1781
389	1685
390	1676
391	1603
392	1606
393	1546
394	1546
395	1486
396	1356
397	1484
398	1458
399	1361
400	1395
401	1331
402	1251
403	1261
404	1278
405	1260
406	1221
407	1205
408	1201
409	1168
410	1065
411	1094
412	1131
413	1094
414	1092
415	975
416	1012
417	960
418	909
419	945
420	924
421	921
422	916
423	904
424	863
425	855
426	832
427	803
428	843
429	807
430	749
431	798
432	749
433	750
434	756
435	712
436	747
437	728
438	691
439	685
440	743
441	706
442	664
443	637
444	678
445	618
446	644
447	672
448	627
449	636
450	628
451	625
452	672
453	606
454	655
455	620
456	635
457	611
458	596
459	592
460	573
461	628
462	614
463	606
464	600
465	583
466	601
467	615
468	580
469	655
470	577
471	638
472	638
473	615
474	597
475	605
476	658
477	600
478	594
479	618
480	568
481	618
482	643
483	661
484	645
485	636
486	670
487	627
488	651
489	641
490	641
491	620
492	649
493	645
494	695
495	673
496	662
497	655
498	630
499	678
500	646
501	669
502	655
503	711
504	697
505	709
506	705
507	724
508	756
509	716
510	740
511	686
512	686
513	736
514	754
515	753
516	696
517	735
518	743
519	724
520	784
521	761
522	805
523	783
524	792
525	781
526	749
527	773
528	781
529	752
530	820
531	764
532	801
533	812
534	855
535	797
536	809
537	803
538	868
539	852
540	879
541	818
542	855
543	851
544	834
545	840
546	813
547	860
548	861
549	930
550	864
551	896
552	903
553	889
554	915
555	963
556	894
557	927
558	936
559	933
560	927
561	963
562	921
563	954
564	955
565	935
566	987
567	997
568	907
569	895
570	1006
571	974
572	960
573	1019
574	946
575	996
576	967
577	976
578	996
579	998
580	929
581	1031
582	963
583	972
584	966
585	1003
586	988
587	966
588	974
589	960
590	1014
591	988
592	1019
593	939
594	957
595	983
596	955
597	971
598	948
599	946
600	968
601	929
602	989
603	983
604	951
605	904
606	924
607	918
608	950
609	909
610	995
611	872
612	905
613	897
614	856
615	854
616	855
617	843
618	878
619	889
620	844
621	916
622	863
623	874
624	800
625	809
626	831
627	832
628	819
629	832
630	783
631	873
632	811
633	820
634	801
635	815
636	783
637	763
638	806
639	810
640	770
641	782
642	771
643	745
644	713
645	741
646	777
647	716
648	732
649	763
650	758
651	730
652	737
653	749
654	756
655	733
656	804
657	709
658	718
659	703
660	714
661	717
662	708
663	684
664	730
665	739
666	721
667	682
668	706
669	703
670	701
671	718
672	744
673	717
674	736
675	711
676	700
677	730
678	715
679	694
680	735
681	777
682	717
683	793
684	706
685	741
686	703
687	746
688	723
689	720
690	746
691	755
692	798
693	749
694	745
695	739
696	786
697	763
698	768
699	798
700	736
701	790
702	754
703	753
704	775
705	783
706	822
707	783
708	814
709	777
710	843
711	792
712	883
713	759
714	844
715	831
716	840
717	838
718	834
719	812
720	854
721	807
722	799
723	834
724	830
725	801
726	897
727	871
728	849
729	872
730	876
731	857
732	796
733	876
734	858
735	858
736	909
737	856
738	907
739	816
740	907
741	906
742	924
743	924
744	916
745	862
746	956
747	950
748	920
749	918
750	936
751	917
752	920
753	928
754	958
755	928
756	965
757	989
758	1016
759	966
760	1011
761	1036
762	944
763	1008
764	990
765	1031
766	1026
767	1010
768	998
769	1054
770	1077
771	1052
772	1083
773	1099
774	1086
775	1147
776	1092
777	1150
778	1082
779	1102
780	1121
781	1113
782	1111
783	1101
784	1173
785	1181
786	1180
787	1231
788	1250
789	1168
790	1224
791	1208
792	1229
793	1198
794	1235
795	1275
796	1292
797	1351
798	1328
799	1368
800	1327
801	1363
802	1401
803	1417
804	1465
805	1557
806	1467
807	1513
808	1553
809	1527
810	1581
811	1477
812	1608
813	1625
814	1632
815	1687
816	1679
817	1743
818	1761
819	1811
820	1876
821	1761
822	1855
823	1847
824	1861
825	1923
826	1950
827	1991
828	1986
829	2070
830	2032
831	2116
832	2061
833	2145
834	2243
835	2193
836	2271
837	2232
838	2317
839	2398
840	2392
841	2412
842	2503
843	2498
844	2654
845	2632
846	2716
847	2737
848	2818
849	2778
850	2919
851	2890
852	2946
853	3044
854	3033
855	3115
856	3096
857	3158
858	3190
859	3272
860	3384
861	3347
862	3318
863	3572
864	3590
865	3560
866	3569
867	3642
868	3616
869	3833
870	3857
871	3816
872	3996
873	3898
874	4026
875	4120
876	3999
877	4303
878	4192
879	4185
880	4315
881	4442
882	4235
883	4352
884	4430
885	4428
886	4503
887	4479
888	4670
889	4592
890	4661
891	4700
892	4650
893	4635
894	4721
895	4681
896	4585
897	4518
898	4626
899	4734
900	4678
901	4594
902	4673
903	4700
904	4617
905	4589
906	4683
907	4631
908	4522
909	4579
910	4560
911	4443
912	4428
913	4446
914	4385
915	4500
916	4237
917	4255
918	4282
919	4306
920	4104
921	4276
922	4070
923	4082
924	3993
925	3930
926	3843
927	3884
928	3890
929	3740
930	3635
931	3590
932	3548
933	3481
934	3302
935	3375
936	3349
937	3159
938	3259
939	3050
940	3128
941	3025
942	2870
943	2874
944	2875
945	2902
946	2723
947	2782
948	2693
949	2583
950	2514
951	2543
952	2332
953	2373
954	2324
955	2314
956	2260
957	2154
958	2109
959	2025
960	2022
961	1921
962	1930
963	1909
964	1840
965	1824
966	1731
967	1790
968	1717
969	1694
970	1695
971	1559
972	1519
973	1483
974	1509
975	1531
976	1409
977	1439
978	1301
979	1375
980	1364
981	1241
982	1254
983	1180
984	1203
985	1219
986	1229
987	1198
988	1148
989	1080
990	1086
991	1071
992	1044
993	1007
994	1007
995	1020
996	1021
997	1002
998	967
999	943
1000	910
1001	964
1002	884
1003	909
1004	859
1005	889
1006	862
1007	912
1008	845
1009	842
1010	850
1011	824
1012	867
1013	822
1014	838
1015	793
1016	874
1017	851
1018	868
1019	772
1020	834
1021	785
1022	798
1023	816
1024	0
