K	N
1	0
2	0
3	0
4	0
5	0
6	0
7	0
8	0
9	0
10	0
11	0
12	0
13	0
14	0
15	0
16	0
17	0
18	0
19	0
20	0
21	0
22	0
23	0
24	0
25	0
26	0
27	0
28	0
29	0
30	0
31	0
32	0
33	0
34	0
35	0
36	0
37	0
38	0
39	0
40	0
41	0
42	0
43	0
44	0
45	0
46	0
47	0
48	0
49	0
50	0
51	0
52	0
53	0
54	0
55	0
56	0
57	0
58	0
59	0
60	0
61	0
62	0
63	0
64	0
65	0
66	0
67	0
68	0
69	0
70	0
71	0
72	0
73	0
74	0
75	0
76	0
77	0
78	0
79	0
80	0
81	50
82	34
83	40
84	44
85	52
86	42
87	48
88	43
89	50
90	38
91	48
92	37
93	50
94	58
95	47
96	47
97	44
98	50
99	53
100	34
101	53
102	41
103	37
104	35
105	33
106	38
107	38
108	44
109	40
110	44
111	46
112	49
113	54
114	57
115	42
116	53
117	64
118	59
119	65
120	55
121	56
122	64
123	74
124	79
125	81
126	90
127	73
128	88
129	83
130	97
131	100
132	80
133	90
134	97
135	111
136	67
137	100
138	76
139	71
140	72
141	73
142	72
143	63
144	55
145	51
146	50
147	57
148	46
149	38
150	50
151	38
152	62
153	32
154	40
155	37
156	42
157	38
158	34
159	26
160	33
161	33
162	32
163	35
164	29
165	33
166	32
167	23
168	39
169	38
170	29
171	27
172	31
173	39
174	36
175	41
176	39
177	38
178	39
179	29
180	45
181	34
182	36
183	43
184	25
185	36
186	39
187	49
188	47
189	39
190	42
191	52
192	40
193	43
194	46
195	46
196	37
197	46
198	44
199	33
200	42
201	43
202	49
203	37
204	42
205	33
206	41
207	32
208	33
209	28
210	35
211	33
212	38
213	29
214	34
215	31
216	25
217	37
218	28
219	28
220	32
221	21
222	29
223	25
224	35
225	33
226	29
227	27
228	28
229	40
230	20
231	29
232	22
233	21
234	33
235	24
236	34
237	31
238	24
239	26
240	25
241	26
242	30
243	38
244	23
245	26
246	27
247	19
248	36
249	38
250	32
251	22
252	24
253	29
254	32
255	25
256	32
257	29
258	31
259	26
260	29
261	27
262	30
263	31
264	30
265	29
266	27
267	31
268	28
269	35
270	31
271	29
272	37
273	41
274	36
275	34
276	22
277	29
278	37
279	37
280	41
281	32
282	31
283	41
284	35
285	30
286	18
287	35
288	34
289	38
290	32
291	28
292	39
293	38
294	39
295	30
296	39
297	42
298	41
299	38
300	24
301	28
302	30
303	38
304	25
305	32
306	24
307	35
308	35
309	46
310	31
311	36
312	36
313	38
314	30
315	24
316	24
317	42
318	36
319	39
320	35
321	29
322	33
323	45
324	35
325	28
326	40
327	37
328	24
329	43
330	32
331	28
332	38
333	39
334	29
335	43
336	26
337	38
338	35
339	43
340	34
341	33
342	29
343	37
344	31
345	43
346	25
347	33
348	27
349	41
350	37
351	45
352	27
353	42
354	30
355	31
356	35
357	44
358	48
359	42
360	25
361	38
362	38
363	42
364	41
365	39
366	50
367	40
368	47
369	41
370	41
371	36
372	45
373	48
374	51
375	36
376	32
377	56
378	34
379	51
380	54
381	53
382	56
383	50
384	37
385	42
386	71
387	48
388	45
389	72
390	60
391	66
392	59
393	71
394	64
395	76
396	61
397	66
398	82
399	68
400	79
401	84
402	99
403	93
404	103
405	84
406	100
407	115
408	97
409	91
410	118
411	105
412	124
413	128
414	124
415	120
416	145
417	151
418	179
419	161
420	157
421	182
422	178
423	170
424	158
425	191
426	181
427	198
428	197
429	230
430	213
431	221
432	209
433	205
434	217
435	199
436	208
437	233
438	206
439	201
440	197
441	206
442	209
443	193
444	209
445	198
446	235
447	191
448	193
449	201
450	204
451	180
452	183
453	172
454	170
455	154
456	176
457	150
458	161
459	156
460	153
461	125
462	144
463	156
464	128
465	135
466	144
467	123
468	143
469	111
470	108
471	107
472	130
473	114
474	104
475	126
476	109
477	100
478	102
479	89
480	101
481	104
482	102
483	93
484	114
485	102
486	95
487	109
488	105
489	98
490	111
491	101
492	93
493	109
494	94
495	106
496	98
497	107
498	90
499	113
500	104
501	94
502	89
503	112
504	106
505	84
506	117
507	119
508	111
509	97
510	103
511	88
512	90
513	68
514	73
515	69
516	84
517	89
518	67
519	94
520	92
521	67
522	80
523	83
524	71
525	79
526	68
527	79
528	68
529	64
530	56
531	68
532	47
533	57
534	66
535	56
536	56
537	60
538	58
539	48
540	49
541	60
542	41
543	44
544	40
545	43
546	45
547	41
548	46
549	49
550	48
551	41
552	38
553	46
554	37
555	28
556	37
557	36
558	44
559	36
560	41
561	31
562	29
563	40
564	31
565	30
566	55
567	29
568	34
569	28
570	38
571	35
572	44
573	34
574	38
575	30
576	36
577	37
578	34
579	33
580	33
581	31
582	36
583	26
584	40
585	42
586	49
587	37
588	33
589	41
590	32
591	36
592	32
593	40
594	31
595	28
596	37
597	37
598	34
599	34
600	37
601	25
602	26
603	32
604	34
605	44
606	36
607	34
608	32
609	39
610	32
611	42
612	37
613	29
614	47
615	37
616	37
617	33
618	34
619	35
620	33
621	35
622	39
623	32
624	32
625	43
626	35
627	37
628	34
629	36
630	27
631	35
632	33
633	44
634	43
635	38
636	34
637	33
638	37
639	40
640	56
641	40
642	22
643	43
644	36
645	31
646	39
647	38
648	34
649	43
650	37
651	30
652	39
653	39
654	37
655	32
656	34
657	49
658	44
659	35
660	32
661	35
662	46
663	46
664	42
665	30
666	47
667	45
668	42
669	46
670	34
671	50
672	44
673	31
674	40
675	53
676	42
677	45
678	37
679	46
680	30
681	48
682	47
683	62
684	58
685	50
686	44
687	40
688	42
689	38
690	46
691	43
692	39
693	54
694	58
695	46
696	32
697	30
698	31
699	47
700	52
701	44
702	55
703	49
704	49
705	37
706	48
707	35
708	48
709	51
710	59
711	49
712	27
713	36
714	40
715	38
716	55
717	48
718	50
719	41
720	58
721	50
722	51
723	42
724	54
725	44
726	49
727	57
728	47
729	52
730	42
731	54
732	43
733	42
734	46
735	41
736	54
737	39
738	44
739	50
740	55
741	65
742	45
743	47
744	54
745	56
746	43
747	53
748	67
749	45
750	50
751	48
752	41
753	61
754	43
755	56
756	60
757	54
758	69
759	62
760	58
761	50
762	36
763	48
764	58
765	56
766	46
767	57
768	47
769	62
770	50
771	48
772	55
773	61
774	41
775	47
776	57
777	68
778	59
779	53
780	53
781	59
782	53
783	61
784	55
785	69
786	64
787	59
788	46
789	55
790	60
791	53
792	62
793	52
794	66
795	55
796	49
797	67
798	60
799	55
800	65
801	66
802	72
803	73
804	71
805	54
806	41
807	56
808	62
809	67
810	51
811	48
812	63
813	66
814	58
815	63
816	61
817	61
818	73
819	53
820	65
821	57
822	62
823	72
824	73
825	60
826	44
827	75
828	59
829	49
830	65
831	74
832	66
833	72
834	54
835	64
836	55
837	59
838	65
839	66
840	83
841	59
842	63
843	64
844	55
845	58
846	64
847	64
848	73
849	57
850	68
851	60
852	50
853	50
854	63
855	72
856	68
857	69
858	67
859	56
860	61
861	75
862	74
863	70
864	66
865	77
866	73
867	62
868	66
869	68
870	89
871	65
872	64
873	62
874	68
875	78
876	62
877	76
878	78
879	74
880	91
881	69
882	62
883	78
884	65
885	79
886	72
887	71
888	79
889	67
890	76
891	60
892	65
893	72
894	76
895	68
896	62
897	65
898	71
899	67
900	72
901	74
902	73
903	70
904	60
905	77
906	78
907	81
908	75
909	82
910	86
911	80
912	89
913	81
914	79
915	89
916	82
917	93
918	82
919	87
920	87
921	79
922	93
923	71
924	84
925	88
926	90
927	83
928	86
929	87
930	83
931	98
932	70
933	96
934	88
935	81
936	99
937	109
938	82
939	78
940	75
941	91
942	92
943	85
944	84
945	103
946	95
947	97
948	87
949	105
950	86
951	92
952	102
953	102
954	97
955	82
956	86
957	97
958	88
959	111
960	90
961	84
962	94
963	85
964	100
965	77
966	100
967	85
968	87
969	74
970	92
971	84
972	92
973	109
974	87
975	96
976	85
977	93
978	84
979	116
980	79
981	96
982	89
983	78
984	100
985	102
986	81
987	94
988	98
989	108
990	97
991	109
992	87
993	95
994	84
995	111
996	97
997	108
998	91
999	99
1000	115
1001	90
1002	97
1003	101
1004	106
1005	103
1006	105
1007	109
1008	103
1009	106
1010	101
1011	105
1012	112
1013	99
1014	98
1015	105
1016	108
1017	112
1018	114
1019	113
1020	110
1021	114
1022	106
1023	90
1024	0
