sec,Volt,sec,ch1
DataType	DisplayMode	Points	Count	Xincrement	Xorigin	Xreference	Yincrement	Yorigin	Yreference	Channel	
1	1	600	2	0,000004	0,0091840000594	0	0,002	0,122	100	1
ch1
39
39
39
40
40
41
41
41
41
41
41
41
41
42
41
40
41
41
41
41
40
41
40
40
40
39
39
40
40
39
39
39
39
38
39
38
39
38
38
39
39
38
39
38
38
38
39
38
38
39
39
38
38
39
38
39
39
38
38
39
38
39
38
39
39
39
39
38
39
38
39
38
39
39
38
39
39
39
39
40
39
40
40
40
40
40
40
39
40
41
41
42
42
43
43
45
45
47
48
59
61
86
88
98
100
98
97
93
92
96
96
98
96
89
88
83
83
80
79
78
78
74
74
67
67
61
61
56
56
52
52
49
49
46
46
44
44
42
43
42
42
41
41
42
41
41
41
41
40
41
40
40
40
40
40
39
39
40
39
40
40
39
39
39
39
40
39
40
39
39
40
39
40
38
38
40
39
38
38
39
39
38
39
39
39
38
39
38
39
38
39
38
39
38
38
39
39
38
38
39
39
38
39
38
38
39
38
39
38
39
39
38
38
39
39
38
39
38
38
39
38
39
38
39
38
38
39
38
38
37
39
38
38
37
38
38
38
39
38
39
38
37
38
37
38
37
38
37
38
39
38
38
38
39
38
37
37
38
38
37
38
37
38
37
38
37
38
37
39
37
38
38
39
38
38
38
39
38
38
38
38
38
38
38
38
38
38
39
38
39
38
39
38
37
38
38
38
38
38
39
38
38
38
37
38
37
37
39
37
38
38
39
38
37
38
38
38
39
38
39
38
39
39
38
39
40
40
41
41
40
40
41
41
40
40
41
41
40
40
41
40
39
40
39
40
39
40
39
40
39
39
40
39
39
39
38
39
38
38
38
38
39
38
39
38
38
39
37
38
37
38
37
38
37
38
38
37
39
38
38
37
38
38
37
38
38
38
38
38
38
39
38
38
39
38
37
38
37
38
39
39
38
39
39
39
39
39
39
39
39
39
40
37
44
38
40
42
39
41
43
44
47
47
48
47
56
60
90
91
100
100
107
109
115
114
104
103
85
83
74
72
74
74
76
75
73
73
68
68
61
61
56
56
52
52
48
48
45
45
43
43
42
42
43
42
41
41
40
41
40
40
40
39
40
40
39
39
40
39
39
39
39
39
38
38
39
38
39
38
39
38
39
39
38
40
37
37
39
39
37
37
39
38
37
38
39
37
38
38
37
38
37
38
37
37
38
37
38
38
37
38
37
38
37
38
37
37
38
39
37
37
38
38
37
37
38
38
37
38
37
37
38
38
37
37
38
38
37
38
37
37
38
38
37
38
37
37
38
38
37
37
38
38
37
37
38
38
37
38
37
37
38
38
37
38
37
38
37
37
38
38
38
37
38
38
37
37
37
38
37
38
37
37
38
38
37
38
37
37
38

