SpectrumName : 5_10mm.SPC
XUnit        : keV
YUnit        : 
Length       : 1024
SubSpcNum    : 1
StartSubSpc  : 0
StopSubSpc   : 0
Comment      : 
Realtime     : 444.490
Livetime     : 420.000
Deadtime     : 24.490
FastChannel  : 67766
Starttime    : 29.11.2019 13:53:35
Stoptime     : 29.11.2019 14:01:00
CalibCoeff   : a=0.000000000E+000 b=0.000000000E+000 c=1.024200000E-001 d=-6.351070000E+000
SpectrumText : 0 
0,0,0,0,0,0,0,0
0,0,0,0,0,0,0,0
0,0,0,0,0,0,0,0
0,0,0,0,0,0,0,0
0,0,0,0,0,0,0,0
0,0,0,0,0,0,0,0
0,0,0,0,0,0,0,0
0,0,0,0,0,0,0,0
0,0,0,0,0,0,0,0
0,0,0,0,0,0,0,0
1,7,6,3,1,7,1,5
6,3,1,3,4,4,6,2
4,6,2,3,2,1,2,0
3,6,2,4,7,6,4,2
4,4,4,6,1,10,5,1
2,3,6,5,1,4,4,3
3,8,4,2,4,6,2,1
1,4,4,8,3,2,5,1
1,6,5,3,5,3,3,3
4,5,6,3,4,3,3,6
2,5,7,6,4,10,1,3
3,1,3,3,3,4,1,1
6,3,3,6,4,2,3,3
3,8,4,2,3,5,2,3
4,0,3,6,3,6,0,3
4,4,8,3,7,2,2,3
7,8,3,4,4,3,2,3
3,3,5,6,3,3,8,4
5,2,2,5,4,7,3,5
2,8,3,3,7,6,7,5
7,10,4,9,2,4,13,3
5,5,7,6,5,5,4,7
6,9,4,5,10,11,5,4
12,4,8,6,7,5,7,13
6,5,8,12,13,6,6,7
10,9,10,13,10,17,11,15
8,9,12,9,9,15,13,13
9,12,16,9,12,9,12,21
14,12,10,18,9,9,8,10
6,8,12,18,19,7,6,5
10,7,9,7,4,14,10,7
6,5,11,8,3,9,10,5
7,5,4,9,5,3,10,4
6,3,6,1,8,4,6,14
9,8,2,7,2,3,4,4
4,6,3,2,4,8,2,4
7,5,2,4,2,6,4,4
3,4,3,6,1,6,2,1
0,4,2,5,7,7,0,3
6,1,3,3,7,4,4,3
3,3,3,5,4,8,5,3
2,6,3,6,7,6,7,8
2,1,7,7,0,5,7,5
5,8,4,8,6,2,0,4
6,5,5,5,6,1,10,3
4,6,5,7,6,3,5,4
3,3,8,12,3,9,9,9
5,9,10,2,5,2,8,7
8,2,3,5,3,5,9,7
6,6,1,8,2,4,9,10
7,10,6,4,6,5,1,7
4,5,7,4,6,5,8,5
4,6,7,9,3,6,10,13
4,8,11,5,5,7,13,8
10,10,7,14,7,9,8,8
8,8,9,13,9,6,14,6
7,5,9,6,12,10,7,13
4,9,21,14,15,11,9,10
21,17,12,11,15,14,20,15
21,21,18,22,17,21,20,31
16,26,15,17,22,32,25,36
24,34,34,29,25,32,27,38
30,26,50,38,37,29,47,37
39,36,39,58,40,55,58,58
54,56,52,51,53,57,65,65
63,60,46,60,60,69,64,54
54,63,63,77,64,66,56,63
63,63,60,60,65,57,69,48
68,48,52,56,44,64,65,67
77,57,47,56,44,55,46,39
50,46,56,50,41,40,39,37
35,29,39,29,34,34,38,17
28,27,24,18,25,17,12,19
19,22,11,26,21,17,22,16
16,17,16,14,10,19,18,11
9,5,10,11,4,11,4,3
5,7,12,8,4,2,8,11
6,6,2,7,12,5,4,3
3,5,8,3,10,7,8,10
7,8,11,8,8,4,3,3
6,5,7,6,8,4,7,6
10,3,1,5,2,11,6,12
7,5,1,6,9,7,9,7
3,4,9,7,14,11,7,10
11,12,8,10,6,5,6,4
12,3,6,3,8,6,9,7
5,8,8,7,8,7,8,15
5,7,8,8,5,8,3,11
6,8,10,10,7,9,8,1
7,3,6,8,11,9,7,5
9,10,6,4,5,4,12,7
6,6,11,9,10,14,11,4
14,7,8,9,8,11,9,6
7,8,12,8,7,10,10,10
6,8,6,11,10,6,6,8
10,6,12,6,11,11,7,10
7,9,11,11,6,8,8,8
10,6,14,11,6,8,8,11
4,11,8,12,12,12,11,12
6,9,3,7,14,9,9,8
5,10,6,8,7,11,9,10
5,12,13,7,15,5,11,11
12,10,10,8,8,20,8,8
16,13,13,8,14,9,14,13
9,13,8,10,13,10,6,11
17,11,14,16,6,25,15,15
15,13,10,17,18,16,15,15
11,8,11,11,23,18,17,14
12,15,10,18,15,14,15,13
12,17,11,8,10,12,10,20
15,20,15,20,10,17,10,15
17,16,19,21,21,22,15,15
23,19,21,20,16,20,14,24
18,17,11,26,21,15,9,21
29,25,17,22,18,25,17,18
26,13,22,21,21,34,18,21
18,22,32,28,21,19,20,32
27,34,28,18,23,19,24,0
