SpectrumName : 5_20mm.SPC
XUnit        : keV
YUnit        : 
Length       : 1024
SubSpcNum    : 1
StartSubSpc  : 0
StopSubSpc   : 0
Comment      : 
Realtime     : 443.760
Livetime     : 420.000
Deadtime     : 23.760
FastChannel  : 66496
Starttime    : 29.11.2019 14:01:32
Stoptime     : 29.11.2019 14:08:56
CalibCoeff   : a=0.000000000E+000 b=0.000000000E+000 c=1.024200000E-001 d=-6.351070000E+000
SpectrumText : 0 
0,0,0,0,0,0,0,0
0,0,0,0,0,0,0,0
0,0,0,0,0,0,0,0
0,0,0,0,0,0,0,0
0,0,0,0,0,0,0,0
0,0,0,0,0,0,0,0
0,0,0,0,0,0,0,0
0,0,0,0,0,0,0,0
0,0,0,0,0,0,0,0
0,0,0,0,0,0,0,0
1,3,3,3,6,6,5,2
5,3,3,0,4,2,5,6
2,4,0,3,0,4,3,6
1,3,3,4,4,3,2,3
6,5,2,2,2,9,5,5
2,0,3,2,3,6,4,5
4,3,4,5,2,0,1,3
4,6,2,1,0,6,4,6
4,3,6,5,6,7,4,3
2,4,3,2,2,3,2,4
5,4,3,4,5,1,1,4
4,1,1,4,5,7,5,5
3,2,5,2,2,2,5,1
6,1,1,3,4,3,1,6
4,4,4,5,3,6,2,5
5,2,4,4,3,5,2,2
3,4,8,6,7,3,2,4
3,4,2,2,2,4,2,9
2,3,4,4,7,5,3,3
5,13,3,2,2,7,9,7
0,4,7,9,5,3,9,5
8,7,3,8,12,3,7,4
6,6,7,12,12,2,11,6
11,8,1,3,7,11,7,6
7,10,7,9,8,8,8,12
2,9,9,2,9,11,13,9
12,7,5,3,8,6,14,6
9,6,10,8,14,8,13,11
13,5,12,6,15,13,11,9
11,12,6,6,12,6,8,9
9,11,12,7,8,12,6,10
5,11,5,5,6,7,5,5
5,6,6,4,4,3,5,4
5,5,6,2,8,6,3,4
5,4,5,5,6,4,1,5
4,6,6,1,3,0,5,4
5,6,8,3,4,2,1,4
1,1,3,4,1,5,2,4
4,7,3,5,7,7,2,7
4,6,6,3,1,4,5,5
2,5,2,5,4,4,3,6
6,6,6,9,3,3,3,2
5,3,1,3,0,4,7,4
3,5,6,6,3,8,3,1
3,2,5,4,4,3,3,5
7,5,2,4,4,4,4,3
3,2,2,3,9,1,3,3
5,8,3,6,5,2,4,8
2,6,6,3,7,8,11,5
3,4,7,8,5,5,4,8
3,4,3,5,4,4,8,4
7,1,6,6,9,9,6,7
15,6,7,7,7,2,2,6
12,5,8,9,6,7,6,10
8,13,9,6,5,5,9,10
5,8,9,7,13,6,8,9
10,5,3,11,11,5,6,7
13,14,9,14,9,9,15,22
19,14,18,16,13,11,13,10
14,19,19,14,22,17,12,12
17,26,20,16,24,25,20,17
32,26,26,25,31,22,30,32
34,35,41,32,28,29,29,46
41,31,37,33,38,42,50,42
40,31,44,45,51,51,62,46
53,51,60,50,41,51,71,54
39,53,47,58,43,49,61,44
56,49,61,56,47,45,52,45
50,58,54,63,54,41,49,56
42,39,39,42,45,46,42,44
25,31,42,35,32,31,30,29
27,31,33,31,26,32,18,17
32,27,16,17,32,19,30,18
23,25,11,14,19,12,20,14
11,17,19,19,10,14,10,8
4,9,11,14,8,6,5,10
8,9,5,9,9,10,6,5
4,11,9,6,7,7,6,6
4,5,4,7,7,8,5,9
4,5,4,5,6,5,6,3
10,4,11,5,7,7,6,8
1,1,3,9,5,4,4,9
2,6,6,5,10,8,7,9
8,9,7,8,7,10,13,10
9,6,3,9,7,10,8,9
5,7,6,6,8,7,11,6
5,7,10,5,6,6,5,7
9,9,5,7,11,4,8,7
8,14,8,10,3,11,9,2
13,8,13,3,8,12,8,6
6,10,13,7,7,12,12,11
10,6,11,10,1,7,12,13
10,4,11,8,6,9,8,7
10,11,11,10,6,8,7,8
9,6,8,14,10,1,8,13
9,4,11,6,8,13,6,8
8,7,17,11,4,15,6,10
9,7,11,10,11,7,10,12
12,8,11,12,9,8,10,13
3,12,9,11,10,8,10,6
12,13,14,13,6,9,10,9
13,14,9,11,14,7,14,10
10,9,12,12,6,14,10,13
12,7,16,10,16,14,13,9
10,10,6,14,14,13,14,12
15,14,12,12,11,15,16,14
9,13,12,10,14,16,23,10
13,4,13,20,13,14,11,12
9,19,13,17,16,16,14,17
14,18,11,12,12,20,13,17
14,18,14,10,18,14,19,17
14,29,9,24,19,13,18,13
15,20,18,21,18,11,11,15
20,19,17,26,12,16,25,17
15,14,20,18,17,17,19,28
20,17,15,26,27,19,19,15
25,24,18,25,22,17,31,26
20,30,27,21,15,28,20,0
