K	N
1	0
2	0
3	0
4	0
5	0
6	0
7	0
8	0
9	0
10	0
11	0
12	0
13	0
14	0
15	0
16	0
17	0
18	0
19	0
20	0
21	0
22	0
23	0
24	0
25	0
26	0
27	0
28	0
29	0
30	0
31	0
32	0
33	0
34	0
35	0
36	0
37	0
38	0
39	0
40	0
41	0
42	0
43	0
44	0
45	0
46	0
47	0
48	0
49	0
50	0
51	0
52	0
53	0
54	0
55	0
56	0
57	0
58	0
59	0
60	0
61	0
62	0
63	0
64	0
65	0
66	0
67	0
68	0
69	0
70	0
71	0
72	0
73	0
74	0
75	0
76	0
77	0
78	0
79	0
80	0
81	3
82	3
83	2
84	6
85	4
86	4
87	2
88	2
89	3
90	2
91	2
92	7
93	6
94	2
95	1
96	6
97	4
98	2
99	4
100	4
101	2
102	1
103	1
104	2
105	3
106	3
107	3
108	1
109	2
110	4
111	2
112	2
113	2
114	3
115	3
116	1
117	1
118	8
119	2
120	6
121	3
122	5
123	4
124	2
125	6
126	0
127	4
128	7
129	5
130	7
131	2
132	4
133	6
134	4
135	3
136	1
137	3
138	4
139	4
140	5
141	4
142	1
143	1
144	2
145	1
146	6
147	4
148	8
149	3
150	6
151	2
152	6
153	4
154	3
155	5
156	4
157	2
158	4
159	3
160	3
161	3
162	8
163	2
164	1
165	2
166	8
167	1
168	2
169	4
170	3
171	3
172	3
173	1
174	1
175	3
176	2
177	3
178	6
179	2
180	2
181	4
182	3
183	3
184	3
185	1
186	4
187	7
188	1
189	5
190	1
191	3
192	3
193	4
194	2
195	2
196	1
197	2
198	5
199	4
200	3
201	2
202	5
203	4
204	1
205	3
206	4
207	2
208	2
209	5
210	3
211	8
212	2
213	6
214	5
215	3
216	1
217	4
218	3
219	7
220	6
221	4
222	1
223	2
224	3
225	4
226	2
227	6
228	2
229	1
230	1
231	1
232	3
233	3
234	1
235	5
236	3
237	2
238	4
239	5
240	2
241	4
242	3
243	3
244	0
245	3
246	3
247	4
248	3
249	3
250	1
251	3
252	4
253	1
254	4
255	6
256	4
257	5
258	3
259	7
260	1
261	1
262	6
263	5
264	2
265	3
266	2
267	0
268	9
269	2
270	3
271	6
272	3
273	7
274	3
275	4
276	4
277	5
278	4
279	5
280	5
281	4
282	8
283	3
284	6
285	1
286	2
287	2
288	10
289	7
290	3
291	3
292	5
293	3
294	4
295	7
296	2
297	7
298	3
299	7
300	5
301	5
302	6
303	5
304	1
305	2
306	6
307	4
308	3
309	5
310	9
311	11
312	5
313	8
314	4
315	9
316	3
317	5
318	6
319	5
320	4
321	5
322	3
323	4
324	8
325	5
326	4
327	5
328	0
329	4
330	4
331	6
332	4
333	3
334	4
335	5
336	8
337	3
338	3
339	5
340	3
341	7
342	7
343	5
344	5
345	5
346	7
347	4
348	3
349	3
350	2
351	6
352	7
353	5
354	3
355	5
356	2
357	1
358	2
359	5
360	3
361	2
362	0
363	2
364	2
365	1
366	2
367	8
368	3
369	2
370	1
371	0
372	2
373	3
374	4
375	5
376	4
377	5
378	4
379	5
380	4
381	4
382	2
383	1
384	1
385	1
386	2
387	1
388	4
389	2
390	3
391	4
392	4
393	8
394	3
395	6
396	4
397	5
398	3
399	6
400	9
401	2
402	0
403	3
404	1
405	1
406	4
407	8
408	4
409	4
410	4
411	5
412	4
413	2
414	0
415	3
416	5
417	3
418	3
419	2
420	2
421	9
422	5
423	4
424	5
425	4
426	8
427	1
428	5
429	4
430	1
431	2
432	3
433	4
434	5
435	5
436	6
437	6
438	0
439	2
440	5
441	3
442	3
443	4
444	3
445	5
446	4
447	3
448	3
449	4
450	5
451	3
452	1
453	2
454	3
455	1
456	2
457	4
458	4
459	2
460	1
461	3
462	2
463	4
464	6
465	5
466	7
467	4
468	7
469	4
470	5
471	1
472	3
473	4
474	4
475	5
476	2
477	1
478	2
479	2
480	4
481	6
482	5
483	3
484	3
485	2
486	5
487	5
488	7
489	2
490	2
491	5
492	2
493	2
494	2
495	5
496	2
497	2
498	0
499	4
500	2
501	6
502	1
503	4
504	5
505	3
506	6
507	6
508	3
509	9
510	3
511	5
512	6
513	2
514	5
515	3
516	7
517	8
518	7
519	2
520	6
521	5
522	6
523	7
524	1
525	4
526	4
527	8
528	6
529	3
530	3
531	4
532	5
533	7
534	5
535	5
536	8
537	4
538	5
539	9
540	4
541	4
542	3
543	7
544	5
545	8
546	1
547	7
548	5
549	7
550	4
551	7
552	7
553	5
554	7
555	9
556	6
557	4
558	1
559	7
560	8
561	9
562	6
563	5
564	3
565	6
566	13
567	7
568	6
569	11
570	6
571	8
572	7
573	9
574	7
575	6
576	16
577	14
578	11
579	9
580	8
581	8
582	18
583	12
584	14
585	9
586	12
587	15
588	10
589	18
590	12
591	12
592	16
593	15
594	16
595	12
596	9
597	10
598	17
599	20
600	17
601	19
602	22
603	24
604	23
605	12
606	18
607	17
608	11
609	22
610	16
611	18
612	12
613	24
614	21
615	19
616	9
617	26
618	24
619	25
620	13
621	22
622	12
623	14
624	14
625	17
626	20
627	14
628	16
629	18
630	16
631	23
632	15
633	20
634	23
635	13
636	23
637	17
638	17
639	25
640	14
641	7
642	15
643	11
644	21
645	22
646	8
647	15
648	13
649	9
650	22
651	14
652	12
653	13
654	10
655	15
656	21
657	10
658	5
659	4
660	12
661	12
662	14
663	12
664	12
665	8
666	6
667	5
668	7
669	9
670	10
671	7
672	11
673	10
674	8
675	8
676	6
677	14
678	3
679	10
680	6
681	5
682	10
683	6
684	5
685	3
686	4
687	7
688	6
689	12
690	7
691	11
692	3
693	6
694	5
695	3
696	4
697	2
698	4
699	5
700	7
701	6
702	2
703	6
704	2
705	7
706	4
707	5
708	7
709	5
710	8
711	8
712	6
713	7
714	3
715	4
716	1
717	3
718	3
719	2
720	4
721	5
722	3
723	6
724	8
725	10
726	5
727	3
728	7
729	4
730	6
731	7
732	7
733	5
734	4
735	4
736	6
737	6
738	7
739	4
740	5
741	6
742	3
743	4
744	4
745	7
746	7
747	8
748	8
749	9
750	6
751	5
752	6
753	4
754	4
755	3
756	7
757	6
758	4
759	10
760	10
761	3
762	10
763	7
764	8
765	6
766	3
767	1
768	7
769	4
770	7
771	15
772	6
773	5
774	10
775	9
776	7
777	13
778	5
779	7
780	7
781	6
782	14
783	10
784	9
785	6
786	9
787	9
788	5
789	6
790	6
791	6
792	11
793	9
794	6
795	7
796	7
797	6
798	5
799	9
800	8
801	8
802	11
803	8
804	9
805	7
806	8
807	9
808	10
809	7
810	8
811	6
812	10
813	9
814	8
815	6
816	8
817	6
818	10
819	10
820	8
821	10
822	11
823	3
824	16
825	10
826	11
827	9
828	9
829	4
830	5
831	8
832	10
833	8
834	12
835	9
836	10
837	11
838	10
839	13
840	8
841	12
842	6
843	8
844	7
845	10
846	7
847	13
848	10
849	4
850	13
851	9
852	12
853	7
854	10
855	7
856	11
857	10
858	11
859	11
860	10
861	11
862	7
863	11
864	7
865	10
866	14
867	8
868	7
869	9
870	11
871	5
872	3
873	9
874	16
875	5
876	2
877	5
878	11
879	11
880	14
881	7
882	16
883	12
884	11
885	13
886	10
887	9
888	19
889	6
890	11
891	9
892	6
893	15
894	14
895	16
896	9
897	12
898	12
899	9
900	9
901	11
902	12
903	12
904	11
905	10
906	10
907	8
908	8
909	13
910	7
911	7
912	10
913	9
914	16
915	7
916	9
917	8
918	16
919	3
920	15
921	12
922	11
923	12
924	9
925	9
926	8
927	7
928	14
929	9
930	17
931	11
932	5
933	17
934	6
935	13
936	16
937	17
938	11
939	14
940	19
941	16
942	9
943	10
944	10
945	12
946	16
947	15
948	18
949	11
950	14
951	18
952	12
953	13
954	19
955	15
956	19
957	20
958	15
959	22
960	16
961	12
962	13
963	13
964	7
965	17
966	14
967	10
968	19
969	16
970	19
971	16
972	23
973	14
974	14
975	13
976	13
977	17
978	21
979	15
980	24
981	18
982	17
983	18
984	16
985	23
986	15
987	6
988	23
989	22
990	34
991	17
992	19
993	18
994	23
995	18
996	20
997	20
998	17
999	31
1000	25
1001	22
1002	20
1003	18
1004	20
1005	26
1006	23
1007	25
1008	17
1009	21
1010	22
1011	23
1012	13
1013	31
1014	25
1015	19
1016	15
1017	28
1018	22
1019	23
1020	22
1021	28
1022	18
1023	27
1024	0
