SpectrumName : 5_2mm.SPC
XUnit        : keV
YUnit        : 
Length       : 1024
SubSpcNum    : 1
StartSubSpc  : 0
StopSubSpc   : 0
Comment      : 
Realtime     : 442.260
Livetime     : 420.000
Deadtime     : 22.260
FastChannel  : 62488
Starttime    : 29.11.2019 14:09:24
Stoptime     : 29.11.2019 14:16:46
CalibCoeff   : a=0.000000000E+000 b=0.000000000E+000 c=1.024200000E-001 d=-6.351070000E+000
SpectrumText : 0 
0,0,0,0,0,0,0,0
0,0,0,0,0,0,0,0
0,0,0,0,0,0,0,0
0,0,0,0,0,0,0,0
0,0,0,0,0,0,0,0
0,0,0,0,0,0,0,0
0,0,0,0,0,0,0,0
0,0,0,0,0,0,0,0
0,0,0,0,0,0,0,0
0,0,0,0,0,0,0,0
3,3,2,6,4,4,2,2
3,2,2,7,6,2,1,6
4,2,4,4,2,1,1,2
3,3,3,1,2,4,2,2
2,3,3,1,1,8,2,6
3,5,4,2,6,0,4,7
5,7,2,4,6,4,3,1
3,4,4,5,4,1,1,2
1,6,4,8,3,6,2,6
4,3,5,4,2,4,3,3
3,8,2,1,2,8,1,2
4,3,3,3,1,1,3,2
3,6,2,2,4,3,3,3
1,4,7,1,5,1,3,3
4,2,2,1,2,5,4,3
2,5,4,1,3,4,2,2
5,3,8,2,6,5,3,1
4,3,7,6,4,1,2,3
4,2,6,2,1,1,1,3
3,1,5,3,2,4,5,2
4,3,3,0,3,3,4,3
3,1,3,4,1,4,6,4
5,3,7,1,1,6,5,2
3,2,0,9,2,3,6,3
7,3,4,4,5,4,5,5
4,8,3,6,1,2,2,10
7,3,3,5,3,4,7,2
7,3,7,5,5,6,5,1
2,6,4,3,5,9,11,5
8,4,9,3,5,6,5,4
5,3,4,8,5,4,5,0
4,4,6,4,3,4,5,8
3,3,5,3,7,7,5,5
5,7,4,3,3,2,6,7
5,3,5,2,1,2,5,3
2,0,2,2,1,2,8,3
2,1,0,2,3,4,5,4
5,4,5,4,4,2,1,1
1,2,1,4,2,3,4,4
8,3,6,4,5,3,6,9
2,0,3,1,1,4,8,4
4,4,5,4,2,0,3,5
3,3,2,2,9,5,4,5
4,8,1,5,4,1,2,3
4,5,5,6,6,0,2,5
3,3,4,3,5,4,3,3
4,5,3,1,2,3,1,2
4,4,2,1,3,2,4,6
5,7,4,7,4,5,1,3
4,4,5,2,1,2,2,4
6,5,3,3,2,5,5,7
2,2,5,2,2,2,5,2
2,0,4,2,6,1,4,5
3,6,6,3,9,3,5,6
2,5,3,7,8,7,2,6
5,6,7,1,4,4,8,6
3,3,4,5,7,5,5,8
4,5,9,4,4,3,7,5
8,1,7,5,7,4,7,7
5,7,9,6,4,1,7,8
9,6,5,3,6,13,7,6
11,6,8,7,9,7,6,16
14,11,9,8,8,18,12,14
9,12,15,10,18,12,12,16
15,16,12,9,10,17,20,17
19,22,24,23,12,18,17,11
22,16,18,12,24,21,19,9
26,24,25,13,22,12,14,14
17,20,14,16,18,16,23,15
20,23,13,23,17,17,25,14
7,15,11,21,22,8,15,13
9,22,14,12,13,10,15,21
10,5,4,12,12,14,12,12
8,6,5,7,9,10,7,11
10,8,8,6,14,3,10,6
5,10,6,5,3,4,7,6
12,7,11,3,6,5,3,4
2,4,5,7,6,2,6,2
7,4,5,7,5,8,8,6
7,3,4,1,3,3,2,4
5,3,6,8,10,5,3,7
4,6,7,7,5,4,4,6
6,7,4,5,6,3,4,4
7,7,8,8,9,6,5,6
4,4,3,7,6,4,10,10
3,10,7,8,6,3,1,7
4,7,15,6,5,10,9,7
13,5,7,7,6,14,10,9
6,9,9,5,6,6,6,11
9,6,7,7,6,5,9,8
8,11,8,9,7,8,9,10
7,8,6,10,9,8,6,8
6,10,10,8,10,11,3,16
10,11,9,9,4,5,8,10
8,12,9,10,11,10,13,8
12,6,8,7,10,7,13,10
4,13,9,12,7,10,7,11
10,11,11,10,11,7,11,7
10,14,8,7,9,11,5,3
9,16,5,2,5,11,11,14
7,16,12,11,13,10,9,19
6,11,9,6,15,14,16,9
12,12,9,9,11,12,12,11
10,10,8,8,13,7,7,10
9,16,7,9,8,16,3,15
12,11,12,9,9,8,7,14
9,17,11,5,17,6,13,16
17,11,14,19,16,9,10,10
12,16,15,18,11,14,18,12
13,19,15,19,20,15,22,16
12,13,13,7,17,14,10,19
16,19,16,23,14,14,13,13
17,21,15,24,18,17,18,16
23,15,6,23,22,34,17,19
18,23,18,20,20,17,31,25
22,20,18,20,26,23,25,17
21,22,23,13,31,25,19,15
28,22,23,22,28,18,27,0
