SpectrumName : 5_4mm.SPC
XUnit        : keV
YUnit        : 
Length       : 1024
SubSpcNum    : 1
StartSubSpc  : 0
StopSubSpc   : 0
Comment      : 
Realtime     : 442.410
Livetime     : 420.000
Deadtime     : 22.410
FastChannel  : 63732
Starttime    : 29.11.2019 13:45:22
Stoptime     : 29.11.2019 13:52:45
CalibCoeff   : a=0.000000000E+000 b=0.000000000E+000 c=1.024200000E-001 d=-6.351070000E+000
SpectrumText : 0 
0,0,0,0,0,0,0,0
0,0,0,0,0,0,0,0
0,0,0,0,0,0,0,0
0,0,0,0,0,0,0,0
0,0,0,0,0,0,0,0
0,0,0,0,0,0,0,0
0,0,0,0,0,0,0,0
0,0,0,0,0,0,0,0
0,0,0,0,0,0,0,0
0,0,0,0,0,0,0,0
8,4,5,1,5,2,6,2
7,3,7,1,2,3,3,4
5,0,2,3,0,2,2,3
3,2,1,5,1,2,3,3
3,6,3,1,5,3,3,2
5,4,3,2,1,5,3,3
5,2,0,6,2,5,7,4
3,2,4,4,3,5,4,5
3,3,7,4,4,3,5,4
3,3,3,3,1,3,3,7
3,1,5,2,6,2,3,1
2,2,5,3,0,2,3,3
1,2,3,1,11,3,2,4
3,3,2,4,2,1,4,2
0,3,2,3,5,2,6,7
4,3,3,4,3,2,1,6
2,2,2,3,5,3,4,3
3,5,2,3,3,2,3,3
2,4,5,7,5,4,6,6
8,5,3,2,4,2,3,7
0,5,4,2,1,3,4,3
7,4,2,4,3,0,3,8
5,5,3,8,5,6,7,8
2,12,4,7,4,8,3,4
7,5,5,5,5,4,2,3
5,4,3,3,10,6,5,8
10,8,4,10,3,4,6,8
6,6,11,13,4,8,10,10
4,7,2,4,4,5,8,5
7,9,6,7,6,7,11,0
14,6,8,10,7,1,5,7
5,11,1,3,12,7,4,7
3,5,5,6,6,6,2,4
5,4,3,5,4,7,5,2
5,4,8,3,2,7,4,2
4,4,4,1,3,4,5,5
1,3,2,2,3,2,5,8
2,0,5,4,1,1,3,6
3,1,0,4,4,5,5,7
6,4,1,6,2,5,4,5
2,3,2,5,5,4,3,4
6,3,2,4,3,6,2,3
2,0,2,3,0,1,2,5
3,1,3,2,5,4,7,2
2,5,1,0,2,3,3,3
4,3,4,6,4,5,3,3
5,4,3,5,2,3,3,4
3,5,9,5,7,3,3,3
4,4,7,5,3,5,3,3
3,3,4,2,9,2,5,4
3,2,3,5,4,4,3,3
4,5,5,9,5,4,4,4
3,6,4,3,5,2,3,7
10,2,5,3,1,7,4,4
3,6,5,7,5,4,9,5
4,3,4,5,3,1,5,2
8,5,7,3,6,6,8,4
5,3,5,7,6,11,3,7
5,10,6,7,9,7,4,10
9,10,4,9,12,13,13,12
18,11,13,11,8,11,16,8
11,13,12,11,8,15,21,12
15,16,15,19,28,16,25,22
23,25,24,21,28,27,24,28
19,20,28,32,28,34,37,25
22,33,34,37,27,24,35,24
28,32,36,28,39,38,35,32
24,43,31,35,31,28,34,37
23,33,35,35,31,38,28,31
11,33,35,23,24,21,23,28
16,21,22,18,17,24,26,21
26,25,22,23,11,12,25,16
18,22,15,12,17,9,14,15
12,15,11,13,16,8,7,9
11,7,12,10,8,11,8,13
8,10,6,8,4,7,9,7
3,7,5,5,9,6,4,8
7,5,8,4,4,5,11,3
2,2,3,8,9,6,8,9
5,4,8,3,4,1,4,6
7,8,10,4,2,10,4,6
8,8,5,5,5,7,5,5
9,5,5,10,2,9,6,2
8,5,9,9,1,2,3,8
3,4,5,7,6,6,6,8
7,7,6,11,3,8,5,8
7,9,9,5,7,6,9,10
5,7,3,11,10,7,10,5
8,9,5,5,11,7,5,5
4,9,6,8,7,9,9,9
10,6,12,9,7,9,9,8
5,5,7,5,6,4,8,8
7,5,7,8,8,6,4,9
9,12,5,7,8,12,8,4
7,5,8,10,13,3,8,14
7,7,9,10,8,9,9,17
4,6,5,11,6,11,7,8
9,8,7,10,7,7,8,13
8,14,7,10,3,8,9,13
3,10,13,7,10,13,12,4
11,15,11,10,12,12,8,12
11,12,11,10,8,12,14,13
7,18,9,11,9,12,14,17
11,5,4,15,23,7,10,13
10,8,16,11,11,14,11,15
11,6,14,14,12,14,12,9
10,17,12,13,14,13,12,3
11,12,17,19,13,10,14,12
14,7,17,14,17,14,13,12
12,11,11,14,9,14,22,13
17,18,19,10,14,11,18,18
10,18,24,21,18,14,13,17
21,10,16,12,16,18,18,18
27,17,20,17,11,11,15,17
18,21,28,14,21,16,17,20
19,18,13,20,16,28,21,20
21,20,28,25,17,24,13,27
22,21,20,33,20,23,28,0
