K	N
1	0
2	0
3	0
4	0
5	0
6	0
7	0
8	0
9	0
10	0
11	0
12	0
13	0
14	0
15	0
16	0
17	0
18	0
19	0
20	0
21	0
22	0
23	0
24	0
25	0
26	0
27	0
28	0
29	0
30	0
31	0
32	0
33	0
34	0
35	0
36	0
37	0
38	0
39	0
40	0
41	0
42	0
43	0
44	0
45	0
46	0
47	0
48	0
49	0
50	0
51	0
52	0
53	0
54	0
55	0
56	0
57	0
58	0
59	0
60	0
61	0
62	0
63	0
64	0
65	0
66	0
67	0
68	0
69	0
70	0
71	0
72	0
73	0
74	0
75	0
76	0
77	0
78	0
79	0
80	0
81	2
82	5
83	1
84	8
85	2
86	3
87	2
88	3
89	6
90	7
91	5
92	2
93	5
94	1
95	2
96	3
97	3
98	4
99	6
100	1
101	3
102	4
103	1
104	5
105	4
106	2
107	4
108	2
109	3
110	3
111	5
112	5
113	4
114	3
115	0
116	0
117	6
118	1
119	4
120	5
121	5
122	2
123	3
124	6
125	1
126	7
127	1
128	2
129	1
130	2
131	5
132	6
133	4
134	2
135	0
136	3
137	5
138	3
139	0
140	2
141	2
142	4
143	6
144	2
145	3
146	1
147	3
148	1
149	4
150	4
151	5
152	10
153	1
154	2
155	6
156	5
157	3
158	1
159	1
160	6
161	4
162	4
163	2
164	7
165	2
166	5
167	6
168	1
169	6
170	7
171	3
172	3
173	2
174	1
175	1
176	4
177	1
178	1
179	5
180	3
181	2
182	5
183	3
184	3
185	3
186	3
187	1
188	4
189	3
190	3
191	4
192	3
193	3
194	4
195	1
196	3
197	0
198	2
199	3
200	2
201	3
202	4
203	2
204	4
205	9
206	4
207	4
208	4
209	1
210	7
211	2
212	3
213	3
214	1
215	2
216	3
217	2
218	3
219	4
220	2
221	4
222	5
223	2
224	6
225	2
226	3
227	5
228	4
229	7
230	6
231	5
232	9
233	4
234	6
235	5
236	1
237	4
238	1
239	3
240	3
241	5
242	5
243	4
244	3
245	5
246	7
247	7
248	6
249	6
250	5
251	4
252	8
253	2
254	4
255	5
256	3
257	10
258	3
259	5
260	3
261	8
262	6
263	8
264	7
265	5
266	6
267	3
268	4
269	4
270	5
271	6
272	5
273	7
274	7
275	12
276	6
277	9
278	10
279	7
280	5
281	10
282	8
283	7
284	9
285	10
286	8
287	3
288	8
289	5
290	5
291	8
292	9
293	9
294	8
295	11
296	9
297	10
298	7
299	10
300	11
301	3
302	6
303	9
304	9
305	10
306	6
307	9
308	11
309	8
310	6
311	12
312	11
313	10
314	7
315	9
316	5
317	6
318	11
319	10
320	9
321	5
322	5
323	8
324	7
325	5
326	8
327	6
328	8
329	0
330	9
331	7
332	6
333	6
334	4
335	7
336	1
337	3
338	9
339	2
340	7
341	10
342	8
343	3
344	5
345	7
346	3
347	3
348	1
349	7
350	11
351	4
352	3
353	4
354	4
355	8
356	4
357	4
358	2
359	4
360	4
361	6
362	2
363	2
364	2
365	7
366	4
367	11
368	4
369	5
370	1
371	5
372	3
373	4
374	3
375	6
376	2
377	4
378	3
379	6
380	6
381	2
382	3
383	1
384	4
385	3
386	6
387	1
388	6
389	8
390	3
391	3
392	2
393	3
394	5
395	5
396	3
397	4
398	4
399	4
400	5
401	1
402	0
403	1
404	4
405	6
406	7
407	4
408	5
409	8
410	1
411	6
412	1
413	5
414	5
415	2
416	7
417	5
418	2
419	2
420	4
421	4
422	5
423	3
424	3
425	5
426	2
427	5
428	3
429	3
430	3
431	2
432	2
433	3
434	0
435	8
436	7
437	2
438	7
439	3
440	4
441	2
442	2
443	0
444	3
445	2
446	9
447	3
448	2
449	3
450	7
451	2
452	2
453	2
454	3
455	7
456	4
457	4
458	5
459	4
460	5
461	2
462	1
463	2
464	3
465	3
466	3
467	3
468	6
469	4
470	3
471	5
472	5
473	3
474	6
475	4
476	9
477	4
478	5
479	6
480	2
481	4
482	5
483	4
484	7
485	5
486	5
487	5
488	7
489	5
490	6
491	5
492	4
493	2
494	3
495	4
496	8
497	3
498	2
499	6
500	5
501	7
502	3
503	6
504	3
505	7
506	5
507	5
508	7
509	6
510	7
511	4
512	3
513	6
514	4
515	5
516	5
517	2
518	1
519	3
520	5
521	5
522	8
523	5
524	6
525	11
526	4
527	6
528	8
529	8
530	2
531	5
532	11
533	4
534	8
535	6
536	5
537	10
538	17
539	5
540	9
541	9
542	10
543	5
544	4
545	7
546	13
547	12
548	9
549	8
550	3
551	6
552	12
553	10
554	9
555	4
556	9
557	8
558	9
559	15
560	19
561	20
562	22
563	18
564	13
565	14
566	20
567	10
568	11
569	24
570	15
571	21
572	20
573	18
574	17
575	23
576	18
577	24
578	21
579	20
580	25
581	21
582	20
583	19
584	22
585	22
586	28
587	27
588	30
589	25
590	30
591	30
592	21
593	29
594	43
595	43
596	32
597	28
598	29
599	38
600	43
601	38
602	46
603	47
604	36
605	27
606	31
607	35
608	35
609	49
610	46
611	35
612	44
613	30
614	46
615	37
616	34
617	44
618	48
619	54
620	47
621	40
622	35
623	34
624	28
625	44
626	46
627	39
628	43
629	33
630	32
631	41
632	30
633	31
634	41
635	40
636	25
637	32
638	25
639	32
640	28
641	23
642	23
643	22
644	36
645	29
646	22
647	20
648	22
649	29
650	14
651	20
652	31
653	23
654	21
655	23
656	30
657	22
658	15
659	19
660	13
661	27
662	15
663	15
664	17
665	14
666	16
667	19
668	19
669	11
670	17
671	12
672	12
673	14
674	7
675	6
676	6
677	10
678	12
679	15
680	7
681	15
682	13
683	4
684	9
685	8
686	9
687	8
688	9
689	5
690	5
691	5
692	3
693	7
694	6
695	5
696	7
697	5
698	9
699	8
700	6
701	9
702	5
703	9
704	4
705	7
706	6
707	7
708	6
709	7
710	4
711	6
712	9
713	5
714	6
715	2
716	8
717	8
718	7
719	7
720	4
721	5
722	8
723	4
724	5
725	7
726	2
727	12
728	3
729	9
730	5
731	2
732	4
733	6
734	2
735	8
736	6
737	11
738	8
739	6
740	7
741	2
742	5
743	2
744	7
745	8
746	12
747	7
748	9
749	9
750	3
751	9
752	8
753	8
754	7
755	4
756	7
757	6
758	3
759	1
760	7
761	8
762	9
763	7
764	2
765	13
766	4
767	8
768	6
769	6
770	7
771	4
772	12
773	6
774	5
775	6
776	11
777	4
778	4
779	3
780	7
781	5
782	8
783	6
784	3
785	6
786	6
787	8
788	11
789	7
790	9
791	7
792	6
793	9
794	9
795	7
796	7
797	5
798	6
799	5
800	7
801	5
802	5
803	10
804	4
805	11
806	10
807	9
808	7
809	9
810	3
811	6
812	5
813	5
814	5
815	6
816	7
817	15
818	9
819	11
820	7
821	8
822	13
823	5
824	6
825	9
826	7
827	7
828	12
829	7
830	10
831	7
832	8
833	6
834	3
835	10
836	7
837	11
838	13
839	6
840	5
841	10
842	7
843	6
844	9
845	4
846	6
847	7
848	15
849	4
850	2
851	10
852	11
853	5
854	9
855	10
856	12
857	11
858	12
859	12
860	11
861	6
862	12
863	13
864	10
865	7
866	9
867	9
868	12
869	10
870	14
871	12
872	11
873	9
874	7
875	6
876	8
877	12
878	12
879	8
880	11
881	8
882	11
883	12
884	9
885	7
886	13
887	12
888	12
889	11
890	10
891	8
892	16
893	7
894	13
895	13
896	11
897	12
898	8
899	8
900	9
901	14
902	9
903	13
904	14
905	11
906	11
907	13
908	13
909	11
910	11
911	13
912	10
913	9
914	9
915	10
916	13
917	3
918	14
919	7
920	6
921	11
922	14
923	5
924	10
925	12
926	16
927	11
928	12
929	9
930	14
931	11
932	16
933	13
934	19
935	13
936	17
937	12
938	17
939	13
940	11
941	11
942	19
943	19
944	11
945	9
946	13
947	14
948	17
949	13
950	8
951	12
952	12
953	10
954	7
955	10
956	20
957	16
958	14
959	18
960	13
961	16
962	10
963	15
964	12
965	16
966	19
967	12
968	18
969	22
970	20
971	21
972	11
973	15
974	19
975	16
976	18
977	10
978	11
979	9
980	19
981	14
982	21
983	19
984	13
985	12
986	15
987	14
988	14
989	15
990	16
991	19
992	26
993	21
994	18
995	11
996	15
997	17
998	25
999	18
1000	17
1001	13
1002	27
1003	14
1004	11
1005	21
1006	11
1007	17
1008	22
1009	14
1010	23
1011	19
1012	20
1013	24
1014	26
1015	20
1016	21
1017	15
1018	17
1019	23
1020	25
1021	22
1022	27
1023	23
1024	0
