    6.56     8.06     5.48     4.02     6.17     5.00     6.37     6.85     5.28     6.10     8.25     8.11     9.07    10.95     8.63     6.31     5.37     7.53     6.38    12.72    12.40     7.87     6.26     4.24     6.85     7.47     7.64     9.70     6.48     5.91    10.59     5.07     5.04     7.31     5.19     6.14     4.62     3.90     7.57 
    5.07     7.92    10.65     5.99     3.48     5.82     5.68     6.69     6.57     5.60     7.84     8.07     9.55    11.24    10.45     7.38     5.99     8.83     8.36    11.54    14.23     8.74     5.43     2.75     7.74     9.13    10.04     7.52     7.53     8.42     9.71     5.21     7.50     4.83     5.08     4.19     3.96     6.60     8.41 
    4.43     4.42     7.34    12.71     8.15     3.69     4.69     6.46     7.39     6.12     6.77     9.11     9.13    11.15    12.40     8.52     9.01     9.14    10.45     9.81    15.39     9.31     4.32     3.96     9.55    11.79     9.12     7.56     9.32     7.78     7.10     6.85     4.97     5.41     4.57     4.07     5.76     9.18     4.68 
    3.79     5.06     4.23     6.29    13.23    11.33     6.17     4.46     6.52     8.20     6.32     8.47    10.57    10.74    14.35    10.09     7.66     9.67    13.97    11.49    15.37    10.41     6.08     5.78     9.63    10.13     8.63     7.23    10.08     7.63     6.76     5.83     5.44     5.19     4.24     5.64     8.90     7.16     4.70 
    2.35     2.69     4.33     3.85     5.01    11.41    11.72     9.17     5.69     7.36     9.11     8.92    12.50    10.81    11.59    16.37     6.72    10.58    17.75    15.47    14.01     9.73     5.40     7.16     9.18     8.82    10.28     8.51     9.24     7.64     7.20     4.15     6.53     5.84     7.02     7.24     8.28     5.11     6.83 
    2.92     2.18     2.10     3.20     3.39     4.07    10.46    11.80    11.09     7.75     8.07     7.47    10.53    12.93    12.73    17.75    13.67     8.78    17.37    20.08    13.36     8.42     7.68    10.09     6.32     9.58    12.20     7.61     7.68    10.35     6.08     5.42     6.65     8.49     6.71     8.74     7.87     6.82     5.43 
    8.05     5.05     3.33     2.25     3.24     4.16     4.70     9.70    10.80    11.61    10.14     9.91     7.95    10.33    11.90    14.97    18.82    10.68    16.84    23.65    13.49    10.09    11.18    11.38     6.45    10.39    12.54     5.68    10.88    10.21     7.02     5.09     8.50     9.84     6.48     9.35     5.65     5.35     6.09 
    8.12     8.92     8.03     6.19     5.42     5.49     6.49     5.96     9.06     7.55     7.88    10.70    11.17     9.23    12.47    13.15    21.42    16.53    15.68    24.60    15.03    11.29    10.36    12.68     7.60     9.49    14.84     8.39    12.11    11.57     6.88     7.46     8.47     5.84    10.57     8.31     8.33     9.89    11.55 
    7.53     8.88    10.35     9.61     6.83     3.78     3.08     5.16     6.96    11.07     8.82     6.66     9.40    10.52    13.98    13.79    16.72    23.39    20.76    25.64    20.58    13.57    11.51     9.86     9.32    11.04    15.06     9.03    13.71    11.79     8.59    10.33     8.97    11.30    13.89    10.62    11.29    11.37    11.64 
    4.94     6.47     6.39     7.66     9.72     9.89     6.86     3.68     4.65     6.99    11.53    10.85     8.85    10.47    10.75    14.66    16.19    24.46    32.79    31.95    26.70    19.47    14.03    11.26    12.69    11.76    16.20    12.25    13.66    13.09     9.61     9.15     8.47    12.51    10.69    13.04    11.81    10.77     8.49 
    4.95     4.93     6.59     7.33     7.24     8.36    10.73     9.67     5.60     5.16     8.53    15.26    12.49     8.33     8.88    11.70    16.63    26.16    36.81    46.39    30.39    22.29    16.98    12.22    12.00     9.96    14.44    13.87    14.93    13.60     6.26     7.70     9.14    13.74    12.70    10.64     7.99     6.47     5.02 
    2.69     3.73     4.21     5.11     6.21     7.46     7.10     8.51    11.32     9.70     8.29    11.28    14.99    13.61    10.43    11.74    13.74    22.82    31.51    38.77    33.77    24.77    18.79    18.45    15.78    13.42    15.20    15.74    13.70    11.61     9.23    10.59    15.36    14.49     8.46     7.19     8.27     6.66     5.21 
    1.72     1.80     2.52     4.02     5.29     4.99     7.46     9.12     9.52    11.24    10.01     8.54    10.10    15.30    12.61    10.40    13.90    17.22    24.93    30.06    29.72    27.13    17.82    21.60    16.35    14.93    16.00    18.36    14.30    13.75    14.51    16.90    14.67    10.27     9.39     8.55     6.92     5.92     5.07 
    5.28     4.05     2.88     2.00     2.72     4.77     4.75     5.79     8.78     9.03    10.39    10.90     6.93    10.36    20.09    18.43    14.36    14.54    23.68    26.04    23.64    24.18    22.57    20.16    16.93    18.36    17.46    18.27    19.43    18.16    16.30    12.69    11.31    11.32    10.00     6.89     7.79     9.14     8.71 
    7.48     7.78     7.57     6.66     5.21     4.50     4.88     5.94     5.57     6.61     7.84    10.31    12.11    10.10    11.76    22.34    21.83    18.90    20.94    23.86    18.51    22.80    22.85    21.30    20.31    21.03    20.16    24.48    23.21    16.58    13.01    12.08    12.05    11.53     9.08     8.62     9.43     9.81     9.09 
    4.85     5.55     7.36     9.68    11.24    10.93    10.17     7.09     5.05     4.98     6.76     8.43     9.59    14.14    13.39    12.63    22.89    26.05    21.86    27.46    19.61    22.51    20.45    20.74    23.11    24.96    29.02    25.20    21.20    15.34    15.44    15.55    12.02    10.12    10.80    12.39    11.44     9.15     7.57 
    6.41     7.92     8.14     7.28     6.68     7.36     7.80     9.55     9.41     8.63     9.35     9.86    10.12    10.40    13.68    16.09    17.00    27.10    26.01    30.70    29.37    21.17    24.39    22.63    22.30    24.42    29.81    27.02    24.14    20.47    20.60    18.44    14.43    12.28    11.21     9.81     7.85     8.14    10.40 
    6.25     4.89     4.37     5.36     6.77     7.38     7.90     8.62    11.09    11.66    11.41    10.74    10.89    12.72    14.53    16.24    18.40    21.95    35.96    43.73    40.36    31.83    27.30    27.51    22.12    18.57    26.35    37.16    29.40    33.48    23.87    16.25    13.36    14.12    15.28    11.60     9.44     7.72     6.25 
    4.58     4.79     5.49     6.01     5.38     5.50     6.45     7.53     9.02    11.63    14.16    13.19    15.13    17.20    17.23    16.17    19.15    23.31    37.25    60.98    74.22    48.27    25.93    23.90    24.12    26.01    31.15    43.64    44.36    41.40    27.74    21.59    15.81    12.99    12.66     9.84    10.21     9.68     8.50 
    6.41     7.37     7.23     5.81     5.88     6.47     6.77     7.70     7.87     7.76    10.19    12.13    14.20    15.78    17.97    19.72    25.34    29.11    44.06    72.00    80.44    58.73    37.13    30.07    27.88    35.07    40.71    49.77    55.62    44.80    25.94    19.53    16.02    10.99     9.40     8.54     8.01     7.94     7.72 
    5.87     5.51     5.43     6.67     6.64     6.64     7.74     7.52     7.19     8.02     9.77    11.40    12.15    12.11    12.51    14.83    19.53    27.15    43.21    47.12    52.10    45.12    33.59    27.97    27.55    38.01    45.81    48.69    41.34    36.35    31.16    18.91    14.09    15.26    12.91     8.75     7.94     7.07     6.39 
    2.61     2.98     3.99     3.84     5.25     6.13     5.10     4.29     5.53     6.12     8.91     9.49    11.06    11.41    11.95    15.04    21.50    27.96    28.07    21.44    25.23    32.23    30.10    27.64    36.00    39.05    40.51    30.83    24.63    20.63    25.70    22.52    17.70    13.77    14.08    12.93     8.40     5.71     5.72 
    4.41     4.27     3.85     4.89     5.12     5.10     5.51     6.57     5.70     8.09     9.93    10.43     9.37    11.41    11.17    15.46    22.04    21.05    16.72    16.34    19.82    23.40    28.67    28.60    30.70    33.34    28.86    24.88    21.31    19.40    17.62    19.13    20.69    15.18    13.28    12.10    10.86     9.77     6.73 
    2.34     2.92     4.53     4.25     3.76     3.83     5.40     5.37     6.43     9.18     9.53     7.94     9.19    10.17    12.09    22.18    18.76    14.23    13.45    16.24    18.93    21.98    21.97    30.17    25.04    22.92    25.61    21.29    15.51    17.92    16.53    15.98    16.76    16.30    14.04    12.97    13.00    11.15     9.75 
    3.94     4.68     4.00     3.49     3.46     4.56     4.06     4.89     8.58     9.45     8.87     9.86    10.58    11.64    20.19    19.12    10.50    10.83    13.34    14.47    16.87    25.03    17.84    19.41    23.07    21.86    18.55    20.01    17.92    12.68    15.56    16.54    12.69    13.72    13.09     9.29     8.58    11.03    12.56 
    3.45     2.98     2.99     3.25     4.47     4.61     4.74     6.28     7.88    12.46    12.69    10.70    10.79    15.37    15.34    11.19    12.05    10.87    11.28    12.89    15.59    21.77    18.12    14.26    16.47    24.86    15.22    12.63    17.35    17.63    12.45    16.26    11.58     9.49    11.37    13.90     8.97     6.63     6.70 
    3.37     3.25     3.62     4.76     4.30     3.45     6.87    12.01    14.27    11.42     6.50     9.06    14.30    15.11    11.69     8.92     9.05    11.03    11.01    10.96    14.52    20.71    14.12    12.19    15.26    18.82    16.26    14.92    10.83    14.84    15.17    14.10    13.59     9.21     7.94    10.04    12.40    10.11     7.86 
    3.20     4.11     4.44     4.55     5.77    10.28    12.19    10.99     7.04     7.30     8.28    13.93    14.59    10.54     8.13     8.91     7.50    10.84     9.45    11.11    14.78    17.68    14.08     7.52    14.15    15.75    14.79    15.44    12.92     9.58    14.71    11.90    13.03    12.33     8.12     9.28     9.24    10.75     9.05 
    4.77     5.53     6.99     7.58     8.69     9.14     8.61     6.05     7.62     9.58    13.68    12.96     9.26     5.75     7.84     9.10     7.51     8.36    10.89    12.61    10.95    18.61    11.55     8.37    10.31    14.24    15.33    10.45    17.35    11.22    12.52    10.88    11.37    15.57    11.81     7.69     7.90     9.93    10.26 
    6.36     7.11     6.35     6.32     6.91     7.23     7.66     8.91    10.05    11.48    11.09     8.91     7.33     6.45     8.28     6.66     7.53    11.10    13.40    10.02    12.93    17.97     9.92     9.98     8.39    14.62    12.03    10.05    12.85    14.19    12.01    10.37    10.82     9.32    13.57     9.21     4.18     5.07     8.31 
    6.46     5.55     5.83     7.03     8.47    11.42     9.97     9.33     9.94     9.68     9.91     8.08     5.33     6.36     6.86     5.57     7.76    12.63     9.98     9.06    11.28    15.12     9.51     8.65     8.15    11.36    10.16     9.00     9.88    10.97    14.32    10.79    11.48     6.76     9.21    11.70     8.30     4.37     3.84 
    4.80     4.30     6.36     9.73    11.09     6.77     6.87     8.05     7.58     9.74     7.38     4.75     3.54     7.17     4.77     6.18     9.94     9.87     8.10     8.69     9.41    13.83    11.64     7.64     8.24     9.09     9.88     8.04    10.32     7.28    12.32    10.70    11.63     9.16     7.15     8.68     8.63     8.12     5.36 
    4.92     7.75    10.44     8.10     5.31     5.71     8.66     6.27     9.39     7.98     4.36     3.33     5.02     5.72     5.66     9.03     8.31     8.63     7.59     7.42     7.58    13.57    13.07     6.22     9.31     9.00     7.32     9.21     9.10     5.51     9.02    10.55    10.67    11.04     6.91     9.05     8.49     6.24     7.98 
    8.54     8.07     5.14     5.52     5.53     9.60     6.08     7.35     8.09     4.38     3.89     3.83     5.01     5.93     7.75     8.64     5.88     8.54     7.04     6.20     6.90    12.30    11.44     8.03    10.89     9.19     4.15     8.56     8.13     6.80     5.50     9.13    10.16    11.62     8.99     6.65     9.38     8.03     5.20 
    6.03     4.49     5.08     6.41     9.06     6.11     6.41     6.01     5.83     3.67     3.80     3.90     5.47     7.75     8.60     6.01     4.65     9.52     6.75     5.47     6.89     9.93    10.98     9.14    11.93     8.56     2.59     6.84     9.04     5.83     5.92     5.87     8.80    10.49    11.65     7.28     5.92     8.95     7.27 
    4.36     4.52     7.61     8.36     6.43     4.82     5.63     5.15     4.84     4.14     3.14     3.92     8.66     7.15     7.63     3.00     5.91     8.83     6.87     4.90     6.31     9.37    11.95     8.28     9.31     8.73     3.76     4.04     9.22     6.01     6.62     4.62     6.51     9.40    10.12    11.64     5.80     4.98     8.52 
    4.53     8.07     7.75     6.30     3.95     6.11     3.93     5.45     4.12     3.01     4.22     6.08     9.56     5.20     5.76     2.53     7.08     9.07     5.47     5.04     6.09     9.51    10.72     8.26     8.56     6.68     4.97     3.42     7.79     7.14     6.32     4.63     5.65     6.83     9.44    10.73    10.62     5.00     4.94 
    8.33     7.88     4.94     3.38     6.25     3.92     4.45     4.35     3.51     3.56     5.94     8.06     6.68     3.91     4.27     3.82     7.84     8.91     4.61     5.16     4.82     9.03     9.89     8.94     8.10     5.45     4.75     2.64     6.04     8.65     6.42     5.02     4.73     6.55     6.63     9.32    10.60     8.39     4.27 
    8.14     4.01     2.47     6.29     4.27     3.55     4.28     2.98     3.89     6.56     6.10     8.19     3.45     3.69     4.30     4.75     9.82     6.32     4.33     4.21     4.70     8.13    10.27     8.71     8.23     4.75     4.17     2.61     4.22     7.46     8.14     5.44     4.59     5.52     5.82     6.45    11.31     6.41     9.08 
