  1.4422   1.5489   1.1024   0.5159   0.1664   0.4173   0.5936   0.6592   0.5414   0.7740   0.8760   1.1279   1.6943   2.0787   1.3102   0.2337  -0.2464   0.0279   1.0703   2.3741   2.4746   1.0514  -0.3622  -0.4520   0.5929   1.3544   1.2963   1.1559   0.9203   1.0311   1.0631   0.7180   0.2880   0.4654   0.5586   0.5180   0.3309   0.7040   1.0708 
  1.0728   1.7294   1.8509   1.3611   0.6976   0.1584   0.3047   0.4791   0.5821   0.5271   0.7806   1.0763   1.6889   2.0681   1.7499   0.5158  -0.1079   0.1698   0.9395   2.2228   2.7756   1.3292  -0.5754  -0.6151   0.7373   1.6386   1.5190   1.0419   0.8812   1.0681   1.1242   0.5530   0.5337   0.4223   0.4476   0.1737   0.4973   0.8808   1.1286 
  0.3452   0.9999   1.8155   2.2128   1.7772   1.0138   0.3040   0.3211   0.3377   0.5164   0.6169   0.9806   1.5580   2.1570   1.9794   0.8817   0.1029   0.3444   1.1356   2.3201   2.7142   1.2622  -0.6341  -0.6775   0.9007   1.8331   1.4337   1.0827   1.0982   1.2115   1.0275   0.5541   0.2115   0.2089  -0.0075   0.3212   0.8180   1.2998   0.7687 
 -0.4570   0.0114   0.7510   1.7413   2.4033   2.2812   1.4079   0.5852   0.3862   0.3427   0.4763   0.8269   1.4292   1.9932   2.1256   1.2824   0.1754   0.3592   1.7721   2.7382   2.4907   0.9325  -0.5321  -0.3290   1.0082   1.8553   1.5250   1.0470   1.1848   1.2217   0.5862   0.1603   0.0440  -0.0255   0.3015   0.7128   1.2714   1.1102   0.5636 
 -0.6637  -0.7997  -0.4624   0.2278   1.3794   2.2458   2.3531   1.8111   0.9297   0.5428   0.4448   0.7537   1.2814   1.8387   2.3055   1.8771   0.3521   0.4559   2.3095   3.2147   2.3632   0.6106  -0.4113  -0.0014   0.9780   1.5228   1.5271   1.0194   1.0860   1.0638   0.4670  -0.0660   0.0433   0.3694   0.7325   1.2222   1.2604   0.7098   0.0909 
  0.1469  -0.5336  -0.9013  -0.8594  -0.3308   0.7932   1.9373   2.1620   1.8132   1.0543   0.7080   0.5943   0.9344   1.5343   2.2595   2.3635   1.2006   0.7952   2.5858   3.5937   2.0840   0.3715  -0.0446   0.2759   0.6350   1.3210   1.4384   1.0177   0.9780   1.1343   0.2506  -0.0450   0.3922   0.6826   0.9461   1.1607   0.8291   0.2535   0.1191 
  1.4839   0.7094  -0.0313  -0.7407  -0.9382  -0.4949   0.3818   1.4690   1.6893   1.6149   0.9411   0.9267   0.8001   1.0625   1.8463   2.5261   1.9712   1.3437   2.3381   3.4239   1.9351   0.0971   0.2332   0.5054   0.4593   1.1487   1.5456   1.0063   1.2584   1.2968   0.5130   0.0019   0.5147   0.9217   0.8674   0.9114   0.6709   0.5128   1.1675 
  1.9069   1.8320   1.2553   0.4826  -0.2212  -0.8173  -0.4860   0.1775   1.2374   1.3635   1.3558   0.9166   0.6634   0.7846   1.3110   2.1853   2.5289   1.9925   2.6382   3.3488   1.8833   0.1308  -0.0127   0.3592   0.3896   1.0794   1.7937   1.4694   1.6303   1.6251   0.7361   0.4154   0.6111   1.0956   1.3339   1.3006   1.2788   1.7194   2.2960 
  1.3149   1.7176   1.9310   1.6449   0.9705   0.2659  -0.3550  -0.3043   0.2011   1.0731   1.0349   0.9593   0.6357   0.6253   0.9810   1.5593   2.3596   3.3428   4.5559   4.9808   3.0266   0.7205  -0.2146  -0.1577   0.2305   1.3092   1.9313   2.0244   2.0753   1.7889   0.9910   0.5916   1.0514   1.6563   2.0220   2.1771   2.1215   2.4331   2.3578 
  0.6842   1.2388   1.6862   1.9614   1.9051   1.4474   0.6971   0.0201  -0.1180   0.3212   1.2553   1.4677   1.1208   0.4736   0.2174   0.6581   2.0895   4.8156   7.7970   8.2247   5.6552   2.0892   0.2585  -0.2051   0.0879   1.0142   1.9752   2.1860   2.2451   1.6290   0.4931   0.2739   1.0984   2.1630   2.3782   2.3025   2.1307   1.8039   1.2454 
  0.1671   0.4663   0.8628   1.3446   1.7354   1.8821   1.8421   1.0707   0.4538   0.4609   1.1738   2.1434   1.7880   0.6420  -0.2578  -0.3806   1.3440   5.1188   9.2266  10.8287   7.8498   3.7166   1.1132   0.4069   0.2147   0.7379   1.5630   2.1394   2.0380   1.1255  -0.0519   0.0353   1.3909   2.3550   2.1136   1.5220   1.0401   0.6331   0.0160 
 -0.5047  -0.3485  -0.0728   0.3682   0.7976   1.3404   1.6264   1.7645   1.6710   1.1537   1.3733   1.8800   2.0342   1.3495   0.1270  -0.6345   0.1593   3.1624   7.6473   9.5918   7.8818   4.4226   2.1153   1.3414   0.8964   0.7210   1.3969   1.9355   1.6655   0.9885   0.5695   1.0697   2.2305   2.3736   1.4063   0.5974   0.1499  -0.1455  -0.2350 
 -0.4891  -0.6424  -0.6631  -0.5487  -0.1876   0.1566   0.7608   1.4479   1.7744   1.7426   1.4210   1.2634   1.3778   1.6291   1.3293   0.4218  -0.3214   1.1944   4.0685   6.3151   5.7898   4.0132   2.6474   2.0411   1.3314   1.0452   1.4084   2.0944   2.0251   1.5584   1.6404   2.1804   2.2946   1.7889   0.8271   0.1692   0.0345   0.1222   0.2132 
  0.5837   0.1960  -0.1706  -0.4361  -0.5195  -0.4007   0.0115   0.3426   0.9540   1.2338   1.1484   0.8515   0.7836   1.4096   2.2826   1.9631   1.0725   0.5502   2.0742   3.0789   3.1978   2.8372   2.5429   2.0521   1.8119   1.4011   2.1949   2.7676   2.7460   2.2005   1.6813   1.6725   1.6148   1.1011   0.5412   0.4034   0.5359   0.8230   1.0646 
  1.2782   1.1491   1.0876   0.8990   0.7020   0.5449   0.1943   0.0438  -0.0793  -0.0136   0.4141   0.6703   0.6218   1.0110   1.9691   2.8860   2.4857   1.9676   1.6287   1.5692   1.1910   1.1351   1.7852   2.1203   1.9952   2.7713   3.2754   3.5441   2.8680   1.5080   0.7907   0.7410   0.7255   0.8909   0.6882   0.9033   1.2633   1.4201   1.3135 
  1.0864   1.4654   1.7420   1.9065   1.9212   1.7013   1.2919   0.6690   0.0158  -0.2200   0.0285   0.4116   0.4955   0.6003   1.0349   1.8243   2.7689   2.5906   2.4247   1.5795   0.4039   0.1269   0.7516   1.4481   2.4080   3.2395   4.1690   3.9555   2.2546   0.7475   0.6043   0.8288   0.6917   0.7575   1.1137   1.3769   1.5355   1.4494   1.2377 
  0.8554   1.0726   1.2586   1.4549   1.5507   1.5962   1.5712   1.4033   1.0915   0.9308   0.7424   0.6038   0.5843   0.6201   0.6042   0.7963   1.2823   2.3761   3.3670   3.9152   2.7887   0.8023   0.4460   0.7766   1.3129   2.0062   3.6815   3.9593   3.0623   2.0565   1.5451   1.3065   1.0858   1.1418   1.4528   1.6022   1.3348   1.0938   1.0920 
  0.7000   0.5440   0.5004   0.5313   0.5877   0.8532   1.0819   1.4140   1.8598   2.0212   1.9116   1.6047   1.3927   1.4056   1.1212   0.4772   0.3271   1.5364   5.7272   9.7476   9.6927   5.5280   1.2107   0.3043  -0.2978   0.6816   3.2283   5.8468   6.4534   5.4965   3.4468   1.6453   1.0170   1.4478   1.8071   1.4518   1.2407   1.0531   0.8934 
  0.7344   0.6264   0.5129   0.4218   0.3810   0.4121   0.6686   1.0519   1.5358   2.0110   2.2961   2.3125   2.4180   2.5377   2.0603   1.1526   0.5447   2.5650   9.3193  17.2293  18.9566  11.9889   4.1196   0.0739  -0.0723   1.4912   5.1729   9.6754  11.3992   9.2421   5.3049   1.8703   0.7624   0.8368   1.2470   0.9509   1.1256   1.0959   1.0478 
  1.0405   1.0647   1.0020   0.8500   0.6652   0.6567   0.7328   0.8470   0.8538   1.1341   1.6742   2.0884   2.3586   2.3930   1.9786   1.4539   1.6781   4.2306  11.1101  19.4360  21.3507  14.8715   5.5686   1.3302   1.4286   4.4823   8.7794  12.3550  13.2796  10.5977   5.7023   2.1088   0.5644   0.3869   0.4460   0.4330   0.4945   0.7647   0.8999 
  0.7701   0.8285   0.8537   0.8879   0.9247   0.9075   0.8491   0.5117   0.3256   0.4290   0.9098   1.4226   1.4795   1.1476   0.6875   1.0005   2.1701   4.5945   8.2395  12.3168  13.7630   9.9524   4.9775   2.2357   3.5416   6.9075   9.9000  10.8281   9.7308   7.4600   4.7007   2.3462   1.0727   0.8944   0.8528   0.4783   0.3260   0.1659   0.2693 
  0.2363   0.2127   0.3822   0.5522   0.7716   0.8102   0.5594   0.2044  -0.0153   0.2692   0.8242   0.9134   0.7205   0.2446   0.0531   1.0441   2.6379   3.4020   3.4383   2.9928   3.3993   4.1192   3.2945   3.3651   4.8551   7.0931   7.7641   6.1230   3.9437   2.6893   2.8760   2.7283   2.2144   1.8689   1.6430   1.3102   0.7222   0.2312   0.0137 
  0.1158   0.1527   0.2414   0.4247   0.4440   0.5016   0.3095   0.0701   0.1690   0.6682   0.8532   0.7766   0.2264   0.0250   0.7968   2.2220   2.9090   2.2265   0.0036  -1.1630  -0.4385   1.3895   2.9445   3.8056   4.9819   5.6075   4.7174   2.5200   0.4102   0.3588   1.4847   2.4597   2.8558   2.5067   2.2002   1.8835   1.5661   1.1484   0.5451 
  0.2473   0.3397   0.4446   0.3015   0.2175   0.0453   0.0004   0.0979   0.5583   1.0358   1.0948   0.5288   0.2346   0.8750   2.1737   3.3973   2.6641   0.9068  -0.5626  -0.9467   0.4262   1.8484   2.8693   3.4016   3.9904   3.7001   2.7979   1.3607   0.2638   0.2788   0.9846   1.9769   2.4697   2.3936   2.1642   1.9437   1.8383   1.8055   1.6330 
  0.3410   0.3961   0.3183   0.1268  -0.0945  -0.2196  -0.2897   0.1004   1.0283   1.6264   1.2757   0.8962   0.9300   1.9668   3.3410   3.1581   1.6545   0.0516  -0.2521   0.3554   1.6593   2.9139   2.3842   2.3511   2.6875   2.8022   2.1193   1.2489   0.9118   0.8168   1.3162   1.7189   1.6251   1.5437   1.7441   1.5255   1.3903   1.5447   1.8996 
  0.2646   0.1858   0.0588  -0.0508  -0.2183  -0.2477   0.1826   0.9589   1.7063   1.9407   1.5156   1.2387   2.0090   2.8526   2.8781   1.9458   0.7624   0.0346   0.0319   0.7656   2.3776   3.0228   2.1965   0.8080   1.9358   2.8325   1.9102   1.2084   1.0299   1.5293   1.7940   1.7805   1.2423   0.8455   0.8892   1.3123   1.1253   1.1188   0.9018 
  0.1424  -0.0076  -0.0132   0.0073   0.1951   0.5637   1.2732   1.9412   2.0851   1.5000   1.1401   1.7194   2.5739   2.6887   1.8712   0.5767   0.1925   0.3285   0.3414   0.7908   2.2894   3.1794   1.5000   0.2128   1.2328   2.6529   2.2249   1.2429   1.0872   1.3894   1.7871   1.8561   1.5238   0.6864   0.7127   1.0561   1.3389   1.0553   0.6769 
  0.1265   0.3216   0.3956   0.5355   0.8454   1.5725   1.9007   1.8110   1.1986   1.0241   1.2039   2.1268   2.4330   1.7447   0.8458   0.1718   0.1060   0.4056   0.6899   0.9890   2.3303   2.9488   1.2626  -0.2658   0.8124   2.2542   2.5053   1.7341   1.2349   1.2341   1.5758   1.8329   1.7447   1.5589   0.8695   0.6901   1.0218   1.5373   1.4057 
  0.6322   0.7474   0.8649   1.0186   1.2361   1.5975   1.6313   0.9907   0.8207   1.1712   2.0861   2.1536   1.5703   0.6348   0.2418   0.1852   0.3569   0.9410   1.1741   1.3778   2.3926   2.9184   1.3131  -0.2619   0.4025   2.0092   2.3033   1.8574   1.7706   1.6616   1.5355   1.4493   1.7605   1.8876   1.4141   0.7254   0.4385   1.2446   1.5987 
  1.0256   0.9166   0.8494   0.9697   1.3360   1.3939   1.0912   1.0728   1.2691   2.0062   2.1368   1.6484   0.6175   0.1275   0.1277   0.2578   0.7682   1.5142   1.6774   1.4503   2.3231   2.7836   1.3511  -0.1136   0.3591   1.6340   1.7192   1.4275   1.6608   2.0197   1.8716   1.4429   1.2344   1.4082   1.5856   1.0576   0.2531   0.2230   0.9116 
  0.8075   0.5958   0.7957   1.2150   1.4675   1.5209   1.2937   1.2064   1.7752   1.9687   1.7537   0.6910   0.0549  -0.0329   0.1057   0.3959   1.1698   1.8270   1.4831   1.1670   1.8855   2.5760   1.4110   0.0625   0.3556   1.1278   1.1675   0.8995   1.1181   1.7259   1.9573   1.7756   1.1793   0.8625   1.3322   1.3933   0.5775  -0.0124   0.1015 
  0.4244   0.6761   1.0701   1.5327   1.4119   1.1493   1.0122   1.1663   1.5395   1.6515   0.8716  -0.0613  -0.2931   0.0587   0.2877   0.6603   1.3703   1.5794   0.9626   0.5014   1.3912   2.3449   1.6893   0.4007   0.2968   0.8307   0.8889   0.7301   0.7030   0.8727   1.6502   2.0173   1.6383   1.0929   0.8900   1.2456   1.0505   0.5675  -0.0236 
  0.7724   1.0126   1.4306   1.1185   0.9471   0.7887   0.8034   1.1417   1.4373   1.0599   0.0700  -0.4870  -0.2477   0.3052   0.7984   1.1184   1.3337   1.2623   0.5646   0.1568   0.9793   2.2554   1.9746   0.8567   0.7056   0.8250   0.5200   0.6671   0.6078   0.4909   0.9696   1.6860   2.1142   1.5979   0.9902   0.8983   1.2261   0.9303   0.5621 
  1.1487   1.0449   0.8517   0.8777   0.6932   0.9317   0.9330   1.1786   1.0834   0.4326  -0.3584  -0.5167   0.2048   0.9159   1.2195   1.0817   1.0499   1.0024   0.4906  -0.0851   0.6469   1.9798   2.0964   1.4984   1.2393   0.6634   0.1288   0.5477   0.9098   0.4557   0.3438   1.1031   1.9458   2.0017   1.3881   0.9600   0.7270   1.0242   0.9274 
  0.7858   0.6242   0.6520   0.8860   1.0672   0.9479   0.9057   0.8305   0.7042  -0.0955  -0.4680  -0.0121   0.7731   1.4843   1.2987   0.6449   0.6593   1.1182   0.6007  -0.1197   0.3777   1.6594   2.0724   1.6495   1.5492   0.7981  -0.0901   0.4029   1.1130   0.6677   0.0786   0.4241   1.2118   2.0484   1.9691   1.1022   0.7931   0.6222   0.9310 
  0.4068   0.6004   1.0733   1.1721   1.0181   0.7243   0.5803   0.5865   0.2055  -0.1672  -0.3173   0.5815   1.5099   1.5026   0.7453   0.1357   0.5897   1.2485   0.7299  -0.0873   0.3306   1.4359   1.8315   1.6635   1.5508   0.8728  -0.1741   0.1661   1.1751   1.0752   0.3354  -0.1231   0.5540   1.5614   2.0308   1.8418   0.7835   0.4183   0.6840 
  0.8066   1.1721   1.1989   1.0973   0.6144   0.5062   0.4016   0.3293   0.0063  -0.1458   0.3906   1.2111   1.6793   1.0356   0.1026  -0.0818   0.9209   1.5024   0.6802  -0.2218   0.1425   1.3609   1.9286   1.7205   1.4131   0.6953  -0.1823   0.0315   1.0379   1.4381   0.6584  -0.0460   0.0133   0.8000   1.8693   2.0774   1.5600   0.5635   0.4102 
  1.3486   1.2399   0.9281   0.5685   0.5536   0.2636   0.2022   0.0987   0.0672   0.2656   0.9998   1.5744   1.1302   0.2691  -0.2344   0.3121   1.3491   1.5158   0.3376  -0.3996   0.1134   1.3356   2.0465   1.8606   1.2745   0.4458  -0.3090  -0.2070   0.8417   1.6022   1.1799   0.2175  -0.1490   0.3532   1.0245   1.8673   1.9645   1.1500   0.4140 
  1.2222   0.7280   0.4677   0.5588   0.2982   0.1373  -0.0281   0.0472   0.4736   0.9288   1.3561   1.2618   0.4650  -0.0957  -0.0419   0.7433   1.5754   1.1906   0.1199  -0.4781   0.0829   1.3741   2.1795   1.9778   1.2397   0.3418  -0.3946  -0.4307   0.4654   1.4899   1.5073   0.6265   0.0686   0.0408   0.4308   1.2061   1.9815   1.4316   0.9805 
