         222           3         180           1
         250           5         212           2
         220           5         187           4
         236           5         191           3
         232           8         188           3
         240           2         202           3
         214           4         182           4
         246           4         203           3
         212           2         171           4
         270           3         236           1
         236           3         200           4
         220           1         187           2
         250           4         205           4
         236           3         200           1
         236          10         197           3
         228           3         196           1
         220           2         190           3
         224           3         194           3
         244           6         210           3
         210           6         173           2
         250           6         208           1
         228           8         188           1
         240           4         200           2
         258           6         215           4
         232           6         197           4
         230           6         191           1
         226           3         191           6
         220           2         176           2
         244           8         196           2
         224           6         181           0
         250           5         203           0
         238           2         199           1
         256           6         212           4
         224           3         201           2
         208           4         163           3
         246           6         210           3
         236           5         184           4
         254           3         215           3
         256           4         216           5
         214           1         177           6
         230           2         201           2
         232           4         195           1
         206           1         190           0
         230           3         185           2
         256          10         209           3
         240           4         195           3
         222           2         189           3
         236           3         207           2
         226           1         199           1
         236           2         201           4
         220           7         192           1
         234           6         193           2
         238           4         195           5
         232           2         195           2
         238           3         197           4
         216           1         181           3
         222           3         191           3
         260           6         217           4
         236          11         190           4
         228           3         182           5
         228           7         192           1
         226           4         189           2
         212           5         177           3
         246           1         207           1
         258          10         214           3
         236           5         197           2
         236           5         202           0
         212           4         176           3
         232          10         186           0
         238           2         213           1
         218           6         183           2
         230           7         190           3
         268           2         219           2
         232           4         203           1
         236           5         200           0
         232           7         180           5
         230           6         190           4
         208           7         169           6
         244           3         204           2
         234           5         195           1
         244           2         218           2
         236           4         204           3
         208           6         175           1
         216           3         175           2
         244           3         207           1
         224           3         197           1
         234           6         194           4
         250           6         203           1
         236           7         196           7
         240           6         202           3
