   52.61    60.06    55.37    46.00    63.52    72.01    55.06    55.50    42.24    51.56    56.52    42.89    38.22    45.15    37.34    41.82    52.20    58.54    62.25 
   52.62    56.47    66.50    58.90    58.21    79.15    70.45    63.71    53.55    55.52    60.25    45.65    46.68    47.18    48.15    54.51    63.30    69.98    59.81 
   51.85    58.40    65.92    74.30    63.85    73.31    84.27    74.93    64.67    67.05    66.74    53.03    57.97    51.58    59.54    69.99    75.72    68.98    58.78 
   44.06    54.81    67.23    76.45    81.59    73.30    92.08    88.34    80.35    78.82    74.26    63.31    66.96    64.83    79.55    88.33    77.49    67.42    62.34 
   38.94    46.02    61.73    74.09    86.92    94.29    97.96   105.74   105.59    96.06    85.90    79.17    73.89    87.35   100.43    86.15    76.67    77.40    73.31 
   33.83    47.64    57.40    65.02    84.38   106.43   114.29   126.11   131.86   127.93   105.00    98.01    98.74   116.84   101.94    94.81    94.32    86.61    70.51 
   21.77    28.15    38.84    57.59    74.32    92.86   121.57   146.11   170.78   178.03   144.52   130.67   138.90   132.20   116.88   109.65    95.94    77.73    66.78 
   24.46    25.23    26.12    36.16    53.04    80.90   113.38   157.41   223.34   272.67   238.29   193.33   170.74   148.74   125.56    99.79    74.21    54.74    44.35 
   27.43    30.38    34.44    38.26    43.47    53.11    87.72   149.93   274.20   440.40   407.91   274.80   186.10   135.01    95.06    67.84    54.38    46.61    39.22 
   27.55    33.96    39.06    40.47    49.57    58.83    79.27   150.09   333.27   631.72   598.18   327.10   174.46   100.86    70.42    50.99    41.76    31.66    24.59 
   37.23    41.06    45.26    52.01    63.47    79.86   117.47   191.07   331.80   504.02   471.15   314.74   157.71    88.08    60.70    51.10    46.76    42.86    36.96 
   32.48    40.65    50.15    65.24    84.54   114.21   155.57   213.33   268.69   256.28   241.66   264.69   179.95   105.20    68.35    54.18    40.46    37.60    35.90 
   54.89    62.73    70.07    82.65   105.66   129.03   164.48   183.48   174.90   126.79   128.98   195.16   188.08   144.96    88.00    59.71    44.08    37.83    27.60 
   53.86    60.92    75.30    91.25   108.12   131.75   135.64   132.31   121.02    79.75    80.50   130.41   155.51   146.26   121.63    80.47    54.74    41.76    33.88 
   59.70    66.71    77.75    90.35   110.87   111.41    98.27   110.19    86.89    56.31    55.82    99.23   118.23   122.36   116.36   102.83    78.64    54.64    33.45 
   62.52    72.01    75.69    91.44    97.44    86.67    81.74    88.32    68.75    46.76    47.20    74.56    97.32   101.54    96.37    98.76    91.12    73.06    58.69 
   61.53    63.53    78.79    80.87    73.64    68.19    74.05    67.91    60.38    39.16    35.91    54.35    82.74    80.86    88.38    85.30    85.22    74.72    68.56 
   58.93    71.53    70.75    68.32    56.81    59.63    69.70    56.35    52.86    32.79    30.14    47.28    67.25    75.57    75.11    75.09    72.10    70.80    64.10 
   64.11    60.82    63.19    53.76    50.15    52.55    58.65    47.08    44.80    29.21    29.92    43.21    51.81    73.38    61.66    71.33    67.40    62.86    61.77 
