  2.7690   3.1609   2.8897   2.3923   3.3430   3.7335   2.8503   2.8970   2.1555   2.6129   2.8991   2.2054   1.9187   2.3238   1.9653   2.2013   2.7471   3.0381   3.2761 
  2.7696   2.9719   3.4662   3.0801   2.9788   4.0594   3.6468   3.2900   2.7991   2.9219   3.1711   2.3970   2.4124   2.3766   2.4377   2.8687   3.3316   3.6514   3.1479 
  2.7291   3.0296   3.3954   3.8296   3.2550   3.8171   4.4025   3.9419   3.4036   3.5290   3.5125   2.7913   3.0511   2.6929   3.0700   3.5831   3.9667   3.5785   3.0498 
  2.3134   2.8849   3.4865   3.8745   4.2421   3.8365   4.8462   4.6496   4.2291   4.1485   3.9084   3.3321   3.5245   3.4118   4.1688   4.5962   3.9954   3.5386   3.2808 
  2.0497   2.4100   3.0091   3.8584   4.5650   4.9628   5.1560   5.5652   5.5575   5.0558   4.5210   4.1668   3.8892   4.5971   5.2858   4.5202   3.9859   4.0024   3.7583 
  1.7662   2.3570   2.9247   3.4221   4.4408   5.6016   6.0155   6.6373   6.9402   6.7332   5.5263   5.1583   5.1967   6.1494   5.3651   4.9900   4.9542   4.5129   3.6117 
  1.0575   1.3683   2.0181   3.0309   3.9118   4.8876   6.3984   7.6902   8.9883   9.3699   7.6062   6.8774   7.3105   6.9577   6.1513   5.7709   5.0493   4.0850   3.4448 
  1.1768   1.2894   1.3580   1.9029   2.7913   4.2577   5.9675   8.2848  11.7550  14.3510  12.5416  10.1751   8.9864   7.8284   6.6085   5.2521   3.9060   2.8810   2.3140 
  1.4183   1.5531   1.8052   2.0136   2.2881   2.7955   4.6166   7.8910  14.4317  23.1789  21.4688  14.4630   9.7945   7.1059   5.0029   3.5703   2.8623   2.4533   2.0353 
  1.4114   1.7372   2.0556   2.1299   2.6091   3.0965   4.1721   7.8994  17.5403  33.2483  31.4834  17.2157   9.1820   5.3083   3.7063   2.6836   2.1978   1.6664   1.2276 
  1.8740   2.0930   2.3822   2.7374   3.3407   4.2031   6.1825  10.0565  17.4634  26.5275  24.7972  16.5653   8.3004   4.6359   3.1945   2.6892   2.4611   2.2369   1.8360 
  1.6448   2.0268   2.6221   3.4334   4.4492   6.0109   8.1879  11.2277  14.1418  13.4887  12.7188  13.9310   9.4709   5.5367   3.5974   2.8518   2.1293   1.9304   1.7898 
  2.7654   3.1964   3.6049   4.3414   5.5613   6.7909   8.6569   9.6567   9.2051   6.6733   6.7884  10.2718   9.8989   7.6297   4.6316   3.1427   2.2983   1.8881   1.3737 
  2.7649   3.1036   3.8420   4.7262   5.6903   6.9341   7.1392   6.9638   6.3696   4.1972   4.2371   6.8636   8.1850   7.6979   6.4015   4.2351   2.8156   1.9893   1.7470 
  3.0683   3.5011   4.0316   4.5955   5.7407   5.8639   5.1719   5.7997   4.5733   2.9638   2.9377   5.2227   6.2227   6.4399   6.1242   5.3621   4.0015   2.8348   1.7605 
  3.2433   3.7382   3.9534   4.7713   4.9583   4.4488   4.3003   4.6487   3.6186   2.4610   2.4840   3.9241   5.1222   5.3442   5.0374   5.0855   4.6361   3.8212   3.0380 
  3.2002   3.3435   4.1470   4.2561   3.8264   3.4226   3.7667   3.5439   3.1780   2.0610   1.8899   2.8523   4.3324   4.1907   4.5195   4.2525   4.3542   3.8906   3.5756 
  3.0214   3.7191   3.6838   3.5610   2.9610   3.0887   3.4742   2.7854   2.6837   1.6824   1.5353   2.4293   3.4359   3.8463   3.8353   3.9044   3.7420   3.7265   3.3737 
  3.3424   3.1804   3.2957   2.7906   2.5912   2.7180   3.0172   2.3633   2.2011   1.3978   1.3878   2.1137   2.5719   3.7131   3.1003   3.6100   3.4794   3.2460   3.1941 
