         630          12         544           0
         726          12         614           0
         634           9         536           1
         674          11         570           0
         718          15         608           0
         678          17         559           2
         660          16         569           0
         630          15         544           1
         632          16         527           0
         708           9         615           0
         686          18         598           0
         698          13         585           0
         742          17         615           0
         756          10         640           1
         766          10         661           0
         836          14         717           1
         968          24         804           1
         946          24         799           1
        1090          24         894           0
        1084          22         900           0
        1100          22         906           0
        1162          30         961           0
        1174          28         969           0
        1172          29         973           2
        1182          23         958           1
        1102          20         888           0
        1154          30         939           1
        1148          33         964           1
        1066          16         874           0
        1176          24         968           2
        1104          17         927           0
        1182          30         992           1
        1122          23         921           3
        1038          25         846           0
        1086          26         892           0
        1066          26         874           0
         896           9         767           1
         788           9         659           1
         742          13         619           0
         622          15         544           0
         624           9         543           0
         606          13         523           0
         570           9         479           1
         566          11         492           0
         504           3         450           0
         536          10         468           0
         524          10         451           0
         512          11         451           0
         474          12         418           0
         462           3         403           0
         516          15         444           0
         486           9         423           0
         528           6         458           0
         506           9         433           0
         560           3         497           0
         574           9         498           0
         564           9         489           0
         608          12         530           0
         602           7         537           0
         682          11         590           0
         736           7         640           0
         868          16         734           1
         950          21         778           0
        1034          30         829           0
        1066          29         897           0
        1056          24         880           0
        1146          24         948           0
        1128          29         952           0
        1140          19         933           0
        1198          29         989           1
        1094          20         922           0
        1126          23         943           0
        1154          27         941           1
        1134          26         948           1
        1120          22         905           1
        1230          24        1012           3
        1112          28         904           1
        1180          26         975           1
        1136          20         928           0
        1042          18         856           1
        1046          23         858           0
        1006          23         834           0
         878          16         724           0
         790          14         671           0
         730          13         637           0
         704           8         600           0
         708          12         624           0
         678           9         587           0
         692          12         607           0
         668          12         564           0
