K	N
1	0
2	0
3	0
4	0
5	0
6	0
7	0
8	0
9	0
10	0
11	0
12	0
13	0
14	0
15	0
16	0
17	0
18	0
19	0
20	0
21	0
22	0
23	0
24	0
25	0
26	0
27	0
28	0
29	0
30	0
31	0
32	0
33	0
34	0
35	0
36	0
37	0
38	0
39	0
40	0
41	0
42	0
43	0
44	0
45	0
46	0
47	0
48	0
49	0
50	0
51	0
52	0
53	0
54	0
55	0
56	0
57	0
58	0
59	0
60	0
61	0
62	0
63	0
64	0
65	0
66	0
67	0
68	0
69	0
70	0
71	0
72	0
73	0
74	0
75	0
76	0
77	0
78	0
79	0
80	0
81	0
82	5
83	1
84	1
85	2
86	5
87	3
88	5
89	4
90	5
91	6
92	2
93	2
94	6
95	5
96	6
97	5
98	1
99	4
100	1
101	4
102	1
103	2
104	3
105	1
106	0
107	1
108	4
109	0
110	4
111	5
112	1
113	4
114	7
115	3
116	1
117	0
118	6
119	4
120	1
121	2
122	5
123	7
124	2
125	4
126	0
127	1
128	4
129	3
130	5
131	6
132	3
133	2
134	5
135	3
136	2
137	5
138	3
139	3
140	1
141	5
142	6
143	2
144	5
145	4
146	1
147	2
148	4
149	2
150	3
151	1
152	4
153	6
154	5
155	1
156	3
157	9
158	3
159	3
160	3
161	2
162	1
163	5
164	5
165	1
166	2
167	2
168	5
169	2
170	5
171	4
172	3
173	4
174	3
175	0
176	3
177	2
178	2
179	5
180	6
181	1
182	4
183	2
184	4
185	3
186	3
187	3
188	5
189	4
190	4
191	1
192	3
193	1
194	4
195	4
196	2
197	2
198	3
199	4
200	4
201	3
202	1
203	3
204	6
205	2
206	1
207	1
208	1
209	3
210	3
211	2
212	5
213	2
214	2
215	3
216	4
217	4
218	5
219	4
220	2
221	6
222	2
223	3
224	2
225	6
226	3
227	2
228	2
229	1
230	7
231	8
232	1
233	2
234	2
235	3
236	5
237	2
238	0
239	0
240	7
241	5
242	2
243	3
244	4
245	2
246	3
247	4
248	3
249	0
250	6
251	5
252	4
253	4
254	5
255	4
256	3
257	2
258	3
259	0
260	6
261	3
262	6
263	4
264	5
265	3
266	5
267	5
268	4
269	6
270	6
271	2
272	5
273	4
274	9
275	2
276	9
277	5
278	3
279	4
280	9
281	5
282	1
283	3
284	2
285	1
286	2
287	6
288	5
289	7
290	4
291	5
292	4
293	4
294	2
295	3
296	5
297	6
298	6
299	2
300	3
301	7
302	3
303	2
304	4
305	0
306	5
307	5
308	6
309	2
310	4
311	7
312	4
313	11
314	5
315	5
316	5
317	6
318	4
319	5
320	5
321	8
322	4
323	5
324	3
325	8
326	7
327	5
328	6
329	7
330	6
331	3
332	3
333	3
334	5
335	8
336	6
337	5
338	6
339	2
340	6
341	5
342	1
343	4
344	4
345	2
346	5
347	6
348	8
349	2
350	3
351	7
352	6
353	2
354	4
355	6
356	6
357	4
358	4
359	3
360	4
361	0
362	1
363	6
364	2
365	7
366	3
367	8
368	2
369	1
370	4
371	3
372	3
373	3
374	1
375	4
376	3
377	7
378	3
379	3
380	2
381	2
382	1
383	3
384	5
385	4
386	3
387	4
388	4
389	6
390	7
391	2
392	2
393	4
394	7
395	2
396	5
397	3
398	1
399	3
400	4
401	1
402	3
403	1
404	4
405	1
406	5
407	2
408	2
409	6
410	1
411	2
412	4
413	3
414	4
415	3
416	7
417	3
418	9
419	1
420	1
421	2
422	2
423	3
424	2
425	5
426	4
427	5
428	0
429	2
430	7
431	3
432	5
433	8
434	4
435	3
436	1
437	4
438	0
439	3
440	3
441	2
442	6
443	7
444	2
445	5
446	3
447	3
448	2
449	7
450	1
451	1
452	6
453	2
454	0
455	6
456	4
457	8
458	1
459	5
460	2
461	4
462	3
463	4
464	3
465	4
466	9
467	3
468	3
469	6
470	4
471	2
472	3
473	4
474	3
475	3
476	3
477	2
478	2
479	1
480	2
481	3
482	5
483	2
484	5
485	5
486	2
487	6
488	4
489	4
490	4
491	2
492	1
493	6
494	4
495	0
496	5
497	3
498	6
499	2
500	6
501	6
502	7
503	2
504	2
505	0
506	7
507	3
508	6
509	5
510	4
511	2
512	3
513	1
514	4
515	8
516	4
517	2
518	7
519	3
520	3
521	5
522	3
523	3
524	3
525	8
526	12
527	2
528	3
529	7
530	6
531	4
532	1
533	4
534	3
535	6
536	2
537	5
538	1
539	5
540	6
541	2
542	6
543	9
544	1
545	9
546	7
547	5
548	5
549	3
550	5
551	4
552	3
553	3
554	4
555	1
556	3
557	5
558	6
559	3
560	8
561	5
562	7
563	8
564	1
565	3
566	6
567	8
568	4
569	8
570	6
571	7
572	9
573	10
574	12
575	5
576	8
577	8
578	7
579	10
580	13
581	14
582	13
583	10
584	9
585	20
586	14
587	14
588	16
589	12
590	13
591	13
592	13
593	6
594	10
595	12
596	10
597	17
598	12
599	13
600	11
601	16
602	15
603	19
604	15
605	21
606	11
607	13
608	21
609	18
610	19
611	20
612	16
613	22
614	20
615	25
616	23
617	25
618	19
619	22
620	22
621	20
622	26
623	20
624	24
625	26
626	26
627	19
628	24
629	21
630	19
631	31
632	28
633	21
634	19
635	18
636	20
637	25
638	22
639	23
640	19
641	22
642	22
643	25
644	17
645	16
646	31
647	27
648	17
649	18
650	25
651	19
652	18
653	20
654	12
655	19
656	26
657	16
658	22
659	18
660	19
661	22
662	21
663	11
664	17
665	11
666	20
667	18
668	12
669	13
670	14
671	17
672	14
673	12
674	19
675	11
676	8
677	14
678	9
679	13
680	7
681	12
682	6
683	11
684	6
685	9
686	7
687	6
688	6
689	4
690	13
691	9
692	7
693	4
694	9
695	2
696	6
697	3
698	5
699	6
700	10
701	6
702	6
703	5
704	13
705	9
706	5
707	7
708	6
709	1
710	1
711	3
712	8
713	7
714	6
715	4
716	4
717	7
718	7
719	8
720	6
721	5
722	7
723	7
724	6
725	7
726	5
727	4
728	8
729	8
730	5
731	7
732	2
733	10
734	9
735	4
736	6
737	3
738	6
739	3
740	8
741	10
742	10
743	8
744	6
745	5
746	5
747	7
748	5
749	6
750	12
751	5
752	10
753	4
754	9
755	9
756	5
757	7
758	3
759	4
760	8
761	5
762	13
763	14
764	6
765	5
766	7
767	5
768	9
769	4
770	10
771	6
772	4
773	8
774	9
775	8
776	3
777	11
778	7
779	2
780	6
781	9
782	7
783	9
784	13
785	6
786	8
787	7
788	7
789	8
790	11
791	8
792	3
793	4
794	8
795	4
796	7
797	7
798	8
799	5
800	14
801	5
802	6
803	7
804	8
805	13
806	10
807	6
808	7
809	7
810	12
811	8
812	10
813	7
814	8
815	6
816	5
817	9
818	8
819	6
820	7
821	6
822	12
823	5
824	4
825	8
826	8
827	11
828	4
829	2
830	11
831	10
832	8
833	6
834	10
835	8
836	7
837	4
838	11
839	7
840	4
841	8
842	9
843	5
844	5
845	5
846	6
847	5
848	10
849	8
850	12
851	7
852	15
853	11
854	8
855	13
856	6
857	9
858	8
859	7
860	9
861	5
862	8
863	7
864	10
865	6
866	9
867	6
868	14
869	10
870	15
871	6
872	9
873	5
874	10
875	3
876	8
877	15
878	11
879	5
880	11
881	10
882	9
883	11
884	7
885	11
886	6
887	14
888	12
889	11
890	10
891	7
892	13
893	8
894	12
895	10
896	7
897	11
898	5
899	9
900	15
901	5
902	10
903	8
904	9
905	6
906	12
907	14
908	15
909	10
910	11
911	7
912	8
913	13
914	5
915	12
916	12
917	11
918	9
919	7
920	17
921	13
922	14
923	6
924	11
925	10
926	13
927	6
928	9
929	12
930	10
931	16
932	16
933	12
934	14
935	7
936	16
937	12
938	16
939	20
940	11
941	10
942	10
943	16
944	6
945	12
946	16
947	11
948	25
949	15
950	15
951	13
952	14
953	13
954	10
955	10
956	18
957	8
958	17
959	11
960	20
961	12
962	15
963	15
964	23
965	18
966	14
967	17
968	17
969	17
970	22
971	16
972	16
973	17
974	14
975	16
976	16
977	12
978	11
979	24
980	16
981	22
982	19
983	14
984	23
985	19
986	23
987	18
988	15
989	15
990	20
991	17
992	19
993	12
994	19
995	17
996	17
997	19
998	16
999	20
1000	19
1001	20
1002	14
1003	13
1004	18
1005	23
1006	22
1007	21
1008	15
1009	14
1010	19
1011	22
1012	13
1013	25
1014	19
1015	20
1016	20
1017	21
1018	19
1019	22
1020	27
1021	15
1022	31
1023	15
1024	0
