K	N
1	0
2	0
3	0
4	0
5	0
6	0
7	0
8	0
9	0
10	0
11	0
12	0
13	0
14	0
15	0
16	0
17	0
18	0
19	0
20	0
21	0
22	0
23	0
24	0
25	0
26	0
27	0
28	0
29	0
30	0
31	0
32	0
33	0
34	0
35	0
36	0
37	0
38	0
39	0
40	0
41	0
42	0
43	0
44	0
45	0
46	0
47	0
48	0
49	0
50	0
51	0
52	0
53	0
54	0
55	0
56	0
57	0
58	0
59	0
60	0
61	0
62	0
63	0
64	0
65	0
66	0
67	0
68	0
69	0
70	0
71	0
72	0
73	0
74	0
75	0
76	0
77	0
78	0
79	0
80	0
81	1
82	3
83	3
84	4
85	2
86	0
87	3
88	2
89	2
90	1
91	3
92	3
93	1
94	2
95	3
96	4
97	5
98	3
99	0
100	4
101	5
102	1
103	1
104	2
105	2
106	7
107	2
108	3
109	2
110	5
111	2
112	3
113	8
114	3
115	3
116	1
117	4
118	3
119	2
120	6
121	5
122	7
123	6
124	4
125	3
126	2
127	2
128	4
129	2
130	4
131	1
132	2
133	7
134	2
135	4
136	6
137	2
138	2
139	6
140	6
141	0
142	4
143	7
144	2
145	4
146	2
147	2
148	2
149	3
150	6
151	3
152	4
153	6
154	6
155	3
156	5
157	2
158	4
159	7
160	1
161	2
162	1
163	4
164	4
165	5
166	5
167	3
168	3
169	2
170	5
171	2
172	3
173	5
174	4
175	4
176	4
177	4
178	2
179	4
180	1
181	1
182	2
183	2
184	4
185	1
186	4
187	1
188	3
189	4
190	3
191	1
192	2
193	4
194	1
195	3
196	2
197	4
198	3
199	3
200	5
201	2
202	3
203	3
204	2
205	9
206	7
207	1
208	5
209	0
210	2
211	7
212	3
213	4
214	3
215	3
216	2
217	1
218	2
219	4
220	4
221	5
222	3
223	5
224	8
225	4
226	7
227	3
228	6
229	4
230	2
231	2
232	3
233	9
234	3
235	3
236	4
237	2
238	2
239	2
240	2
241	5
242	4
243	4
244	6
245	2
246	5
247	2
248	5
249	3
250	2
251	3
252	2
253	2
254	4
255	5
256	5
257	4
258	3
259	5
260	3
261	2
262	5
263	9
264	6
265	8
266	4
267	5
268	3
269	4
270	6
271	4
272	3
273	8
274	7
275	8
276	6
277	7
278	5
279	2
280	3
281	5
282	4
283	5
284	7
285	12
286	10
287	1
288	8
289	6
290	10
291	9
292	4
293	8
294	5
295	15
296	7
297	9
298	7
299	9
300	12
301	9
302	12
303	10
304	9
305	4
306	12
307	12
308	7
309	8
310	16
311	17
312	10
313	10
314	13
315	14
316	7
317	14
318	10
319	12
320	10
321	4
322	11
323	9
324	12
325	9
326	10
327	3
328	10
329	14
330	11
331	8
332	14
333	11
334	12
335	13
336	7
337	6
338	10
339	7
340	10
341	6
342	7
343	5
344	8
345	7
346	6
347	7
348	3
349	11
350	11
351	10
352	6
353	7
354	3
355	3
356	5
357	6
358	6
359	4
360	6
361	5
362	7
363	2
364	7
365	4
366	1
367	6
368	3
369	3
370	6
371	3
372	6
373	7
374	8
375	2
376	1
377	4
378	1
379	3
380	3
381	4
382	4
383	0
384	4
385	3
386	3
387	5
388	3
389	1
390	3
391	1
392	4
393	7
394	2
395	2
396	7
397	2
398	5
399	0
400	5
401	5
402	5
403	5
404	3
405	6
406	3
407	6
408	2
409	4
410	6
411	2
412	2
413	6
414	8
415	5
416	2
417	3
418	5
419	4
420	4
421	8
422	3
423	4
424	1
425	1
426	4
427	5
428	2
429	5
430	4
431	5
432	7
433	3
434	1
435	3
436	5
437	7
438	4
439	4
440	2
441	6
442	6
443	5
444	3
445	4
446	3
447	5
448	7
449	5
450	3
451	2
452	2
453	5
454	5
455	5
456	4
457	5
458	4
459	4
460	5
461	4
462	6
463	5
464	4
465	4
466	4
467	6
468	6
469	4
470	3
471	3
472	8
473	7
474	4
475	1
476	7
477	3
478	8
479	2
480	4
481	5
482	2
483	7
484	2
485	6
486	2
487	8
488	4
489	4
490	7
491	8
492	6
493	5
494	3
495	9
496	7
497	6
498	6
499	6
500	8
501	7
502	9
503	7
504	7
505	7
506	6
507	7
508	4
509	2
510	3
511	5
512	4
513	5
514	9
515	6
516	6
517	4
518	7
519	6
520	8
521	11
522	3
523	4
524	10
525	4
526	8
527	8
528	7
529	6
530	6
531	7
532	3
533	2
534	7
535	7
536	7
537	6
538	8
539	10
540	7
541	4
542	15
543	9
544	9
545	4
546	10
547	4
548	9
549	6
550	6
551	12
552	4
553	13
554	8
555	15
556	11
557	12
558	12
559	13
560	13
561	8
562	10
563	8
564	11
565	14
566	15
567	18
568	11
569	26
570	11
571	11
572	23
573	7
574	6
575	17
576	14
577	21
578	24
579	23
580	17
581	19
582	26
583	27
584	26
585	23
586	20
587	26
588	19
589	31
590	24
591	27
592	25
593	34
594	22
595	31
596	43
597	39
598	32
599	30
600	25
601	46
602	38
603	47
604	35
605	44
606	41
607	38
608	48
609	60
610	51
611	33
612	52
613	41
614	49
615	64
616	51
617	67
618	50
619	56
620	48
621	52
622	63
623	63
624	55
625	63
626	63
627	69
628	60
629	57
630	63
631	61
632	66
633	52
634	68
635	62
636	72
637	60
638	63
639	70
640	62
641	69
642	59
643	58
644	50
645	62
646	54
647	59
648	59
649	31
650	47
651	52
652	43
653	54
654	48
655	53
656	44
657	37
658	38
659	40
660	39
661	35
662	37
663	39
664	33
665	33
666	43
667	33
668	26
669	30
670	35
671	22
672	25
673	21
674	22
675	21
676	23
677	26
678	26
679	19
680	20
681	27
682	17
683	18
684	21
685	16
686	9
687	14
688	20
689	13
690	15
691	23
692	17
693	12
694	7
695	18
696	7
697	9
698	4
699	11
700	11
701	6
702	9
703	7
704	7
705	3
706	6
707	8
708	8
709	5
710	8
711	5
712	5
713	5
714	5
715	11
716	6
717	6
718	5
719	10
720	13
721	9
722	4
723	6
724	3
725	1
726	5
727	13
728	7
729	10
730	9
731	4
732	9
733	6
734	5
735	4
736	2
737	2
738	7
739	4
740	8
741	5
742	9
743	4
744	5
745	11
746	9
747	4
748	7
749	7
750	4
751	6
752	9
753	5
754	4
755	6
756	7
757	4
758	6
759	5
760	5
761	8
762	6
763	5
764	6
765	9
766	3
767	4
768	7
769	9
770	7
771	6
772	7
773	7
774	6
775	5
776	5
777	5
778	5
779	4
780	7
781	5
782	9
783	4
784	9
785	6
786	4
787	9
788	5
789	9
790	7
791	12
792	10
793	9
794	7
795	12
796	7
797	5
798	7
799	7
800	9
801	11
802	6
803	7
804	7
805	3
806	7
807	4
808	4
809	11
810	7
811	8
812	10
813	3
814	5
815	7
816	6
817	11
818	5
819	8
820	6
821	7
822	6
823	15
824	3
825	10
826	5
827	6
828	3
829	4
830	9
831	8
832	10
833	11
834	15
835	3
836	14
837	8
838	8
839	7
840	8
841	8
842	9
843	14
844	9
845	8
846	9
847	8
848	11
849	9
850	9
851	9
852	11
853	7
854	9
855	6
856	8
857	5
858	10
859	10
860	6
861	12
862	16
863	6
864	11
865	6
866	11
867	7
868	10
869	10
870	10
871	5
872	10
873	8
874	10
875	6
876	11
877	11
878	11
879	10
880	10
881	12
882	12
883	5
884	11
885	7
886	5
887	9
888	14
889	6
890	12
891	14
892	7
893	15
894	7
895	8
896	12
897	15
898	11
899	10
900	7
901	6
902	11
903	11
904	11
905	11
906	10
907	13
908	5
909	10
910	5
911	13
912	7
913	11
914	17
915	10
916	14
917	7
918	16
919	7
920	12
921	12
922	17
923	10
924	12
925	13
926	11
927	12
928	6
929	12
930	13
931	17
932	10
933	10
934	13
935	12
936	8
937	12
938	11
939	10
940	15
941	14
942	9
943	17
944	12
945	17
946	13
947	10
948	17
949	12
950	11
951	12
952	13
953	16
954	22
955	18
956	19
957	19
958	15
959	16
960	11
961	20
962	15
963	15
964	16
965	23
966	9
967	17
968	13
969	15
970	13
971	13
972	12
973	13
974	13
975	16
976	10
977	17
978	17
979	16
980	15
981	9
982	15
983	27
984	13
985	13
986	17
987	14
988	10
989	19
990	14
991	12
992	22
993	20
994	9
995	19
996	22
997	20
998	20
999	21
1000	20
1001	28
1002	12
1003	15
1004	18
1005	23
1006	20
1007	26
1008	21
1009	23
1010	22
1011	18
1012	22
1013	21
1014	19
1015	11
1016	26
1017	19
1018	21
1019	17
1020	17
1021	18
1022	23
1023	16
1024	0
