K	N
1	0
2	0
3	0
4	0
5	0
6	0
7	0
8	0
9	0
10	0
11	0
12	0
13	0
14	0
15	0
16	0
17	0
18	0
19	0
20	0
21	0
22	0
23	0
24	0
25	0
26	0
27	0
28	0
29	0
30	0
31	0
32	0
33	0
34	0
35	0
36	0
37	0
38	0
39	0
40	0
41	0
42	0
43	0
44	0
45	0
46	0
47	0
48	0
49	0
50	0
51	0
52	0
53	0
54	0
55	0
56	0
57	0
58	0
59	0
60	0
61	0
62	0
63	0
64	0
65	0
66	0
67	0
68	0
69	0
70	0
71	0
72	0
73	0
74	0
75	0
76	0
77	0
78	0
79	0
80	0
81	17
82	16
83	11
84	9
85	12
86	12
87	11
88	7
89	10
90	11
91	13
92	10
93	14
94	11
95	10
96	9
97	11
98	9
99	4
100	7
101	8
102	10
103	5
104	11
105	8
106	12
107	10
108	9
109	2
110	16
111	12
112	8
113	6
114	11
115	15
116	9
117	13
118	7
119	7
120	7
121	4
122	13
123	10
124	13
125	6
126	5
127	11
128	8
129	13
130	6
131	5
132	12
133	8
134	13
135	10
136	15
137	9
138	14
139	14
140	13
141	19
142	8
143	13
144	13
145	12
146	10
147	17
148	9
149	14
150	12
151	13
152	16
153	9
154	3
155	10
156	12
157	8
158	8
159	17
160	19
161	13
162	12
163	17
164	7
165	5
166	6
167	9
168	9
169	11
170	7
171	10
172	11
173	10
174	12
175	7
176	10
177	14
178	10
179	9
180	13
181	8
182	5
183	7
184	9
185	11
186	9
187	11
188	12
189	6
190	10
191	13
192	9
193	13
194	9
195	5
196	11
197	7
198	8
199	15
200	7
201	12
202	8
203	6
204	10
205	12
206	14
207	4
208	6
209	13
210	11
211	15
212	8
213	20
214	14
215	16
216	14
217	15
218	13
219	16
220	12
221	8
222	10
223	16
224	12
225	9
226	9
227	8
228	14
229	10
230	8
231	17
232	11
233	6
234	17
235	15
236	11
237	9
238	9
239	14
240	16
241	19
242	16
243	12
244	17
245	12
246	7
247	10
248	15
249	14
250	10
251	12
252	17
253	14
254	10
255	20
256	17
257	13
258	13
259	15
260	13
261	17
262	12
263	13
264	15
265	24
266	15
267	24
268	19
269	14
270	18
271	15
272	20
273	12
274	16
275	17
276	27
277	19
278	26
279	9
280	17
281	22
282	18
283	18
284	12
285	19
286	19
287	14
288	20
289	14
290	27
291	22
292	22
293	15
294	16
295	11
296	11
297	12
298	16
299	13
300	17
301	12
302	16
303	27
304	15
305	16
306	16
307	19
308	11
309	15
310	12
311	14
312	18
313	9
314	17
315	12
316	19
317	14
318	12
319	12
320	11
321	22
322	12
323	16
324	15
325	14
326	14
327	16
328	13
329	12
330	10
331	9
332	14
333	10
334	14
335	18
336	10
337	15
338	14
339	13
340	12
341	7
342	11
343	19
344	21
345	13
346	19
347	11
348	13
349	9
350	9
351	19
352	15
353	11
354	8
355	16
356	8
357	12
358	10
359	13
360	12
361	12
362	15
363	11
364	8
365	13
366	13
367	5
368	10
369	6
370	9
371	10
372	15
373	8
374	8
375	16
376	9
377	7
378	12
379	6
380	9
381	6
382	9
383	11
384	15
385	11
386	6
387	15
388	11
389	12
390	9
391	6
392	10
393	13
394	10
395	9
396	9
397	10
398	8
399	16
400	14
401	7
402	15
403	13
404	10
405	14
406	5
407	14
408	13
409	10
410	11
411	9
412	13
413	12
414	10
415	9
416	11
417	9
418	8
419	13
420	10
421	4
422	5
423	11
424	8
425	11
426	11
427	6
428	16
429	10
430	8
431	7
432	11
433	11
434	12
435	10
436	12
437	13
438	10
439	7
440	12
441	9
442	12
443	9
444	11
445	12
446	10
447	10
448	6
449	19
450	3
451	11
452	13
453	7
454	14
455	11
456	8
457	9
458	17
459	14
460	9
461	12
462	14
463	7
464	10
465	18
466	12
467	16
468	7
469	16
470	7
471	9
472	12
473	16
474	15
475	10
476	21
477	9
478	15
479	12
480	14
481	17
482	14
483	13
484	13
485	10
486	18
487	11
488	15
489	11
490	17
491	12
492	19
493	11
494	22
495	16
496	16
497	17
498	16
499	21
500	15
501	9
502	20
503	24
504	12
505	25
506	14
507	15
508	18
509	20
510	14
511	15
512	19
513	14
514	18
515	16
516	16
517	14
518	16
519	17
520	16
521	22
522	20
523	26
524	27
525	21
526	15
527	31
528	22
529	16
530	21
531	28
532	26
533	24
534	21
535	16
536	24
537	25
538	24
539	33
540	37
541	41
542	33
543	31
544	33
545	39
546	28
547	33
548	37
549	37
550	34
551	37
552	42
553	50
554	46
555	41
556	51
557	51
558	47
559	44
560	41
561	37
562	44
563	51
564	60
565	46
566	51
567	56
568	46
569	55
570	72
571	56
572	74
573	71
574	66
575	80
576	67
577	64
578	65
579	61
580	71
581	76
582	68
583	66
584	68
585	59
586	56
587	54
588	68
589	71
590	67
591	82
592	82
593	77
594	69
595	71
596	71
597	60
598	84
599	66
600	77
601	78
602	63
603	65
604	72
605	78
606	63
607	55
608	64
609	76
610	52
611	53
612	62
613	57
614	58
615	58
616	55
617	62
618	38
619	53
620	53
621	53
622	47
623	54
624	71
625	56
626	34
627	58
628	35
629	45
630	52
631	43
632	52
633	56
634	49
635	53
636	43
637	59
638	59
639	56
640	45
641	45
642	51
643	50
644	41
645	47
646	46
647	47
648	44
649	41
650	47
651	42
652	34
653	42
654	37
655	46
656	52
657	40
658	47
659	39
660	51
661	40
662	41
663	39
664	33
665	31
666	39
667	35
668	48
669	47
670	32
671	28
672	30
673	32
674	33
675	35
676	30
677	34
678	34
679	19
680	33
681	30
682	23
683	22
684	27
685	22
686	23
687	24
688	30
689	21
690	34
691	29
692	20
693	28
694	19
695	16
696	16
697	19
698	19
699	19
700	17
701	22
702	18
703	14
704	19
705	17
706	12
707	24
708	15
709	31
710	23
711	13
712	21
713	18
714	18
715	16
716	21
717	12
718	22
719	12
720	20
721	18
722	15
723	15
724	23
725	15
726	23
727	13
728	17
729	20
730	21
731	20
732	16
733	12
734	25
735	13
736	22
737	18
738	18
739	17
740	25
741	16
742	12
743	14
744	9
745	15
746	20
747	11
748	18
749	27
750	21
751	18
752	15
753	14
754	17
755	18
756	18
757	18
758	20
759	23
760	21
761	23
762	17
763	17
764	21
765	17
766	15
767	23
768	26
769	17
770	22
771	20
772	17
773	25
774	27
775	24
776	22
777	23
778	25
779	19
780	23
781	16
782	27
783	19
784	20
785	29
786	28
787	31
788	22
789	21
790	15
791	22
792	19
793	21
794	14
795	27
796	20
797	26
798	26
799	24
800	23
801	22
802	26
803	18
804	18
805	16
806	24
807	17
808	20
809	27
810	18
811	17
812	22
813	23
814	23
815	22
816	22
817	20
818	20
819	26
820	19
821	18
822	29
823	25
824	19
825	24
826	25
827	25
828	32
829	22
830	26
831	26
832	23
833	17
834	25
835	16
836	21
837	33
838	12
839	26
840	18
841	26
842	14
843	16
844	30
845	20
846	22
847	20
848	21
849	29
850	23
851	27
852	25
853	21
854	25
855	20
856	29
857	21
858	22
859	19
860	26
861	23
862	32
863	23
864	29
865	23
866	26
867	35
868	24
869	23
870	24
871	28
872	28
873	27
874	23
875	31
876	31
877	31
878	29
879	33
880	19
881	21
882	20
883	22
884	30
885	27
886	40
887	32
888	27
889	28
890	38
891	24
892	35
893	18
894	23
895	29
896	23
897	36
898	21
899	31
900	25
901	30
902	28
903	34
904	44
905	29
906	32
907	28
908	38
909	28
910	23
911	32
912	34
913	31
914	31
915	40
916	34
917	35
918	25
919	33
920	36
921	49
922	43
923	38
924	31
925	30
926	34
927	29
928	37
929	37
930	34
931	35
932	26
933	31
934	37
935	41
936	35
937	35
938	34
939	43
940	40
941	48
942	40
943	47
944	35
945	50
946	38
947	46
948	36
949	35
950	26
951	39
952	38
953	37
954	55
955	40
956	46
957	43
958	38
959	38
960	46
961	41
962	43
963	43
964	52
965	49
966	41
967	38
968	44
969	51
970	42
971	37
972	36
973	50
974	40
975	57
976	39
977	56
978	52
979	45
980	55
981	52
982	66
983	47
984	56
985	46
986	58
987	56
988	57
989	49
990	63
991	63
992	51
993	55
994	57
995	43
996	66
997	76
998	62
999	69
1000	65
1001	61
1002	59
1003	60
1004	47
1005	75
1006	60
1007	67
1008	66
1009	56
1010	75
1011	63
1012	64
1013	59
1014	61
1015	73
1016	78
1017	82
1018	75
1019	90
1020	77
1021	77
1022	91
1023	66
1024	0
