K	N
1	0
2	0
3	0
4	0
5	0
6	0
7	0
8	0
9	0
10	0
11	0
12	0
13	0
14	0
15	0
16	0
17	0
18	0
19	0
20	0
21	0
22	0
23	0
24	0
25	0
26	0
27	0
28	0
29	0
30	0
31	0
32	0
33	0
34	0
35	0
36	0
37	0
38	0
39	0
40	0
41	0
42	0
43	0
44	0
45	0
46	0
47	0
48	0
49	0
50	0
51	0
52	0
53	0
54	0
55	0
56	0
57	0
58	0
59	0
60	0
61	0
62	0
63	0
64	0
65	0
66	0
67	0
68	0
69	0
70	0
71	0
72	0
73	0
74	0
75	0
76	0
77	0
78	0
79	0
80	0
81	11
82	9
83	14
84	11
85	9
86	11
87	18
88	14
89	6
90	10
91	12
92	12
93	12
94	6
95	7
96	15
97	4
98	7
99	6
100	19
101	4
102	18
103	6
104	13
105	13
106	8
107	12
108	8
109	14
110	17
111	9
112	8
113	4
114	12
115	9
116	9
117	9
118	8
119	10
120	10
121	10
122	7
123	8
124	7
125	7
126	11
127	10
128	8
129	11
130	14
131	7
132	12
133	7
134	11
135	15
136	9
137	7
138	12
139	15
140	17
141	16
142	10
143	8
144	14
145	12
146	7
147	16
148	9
149	13
150	16
151	17
152	14
153	8
154	12
155	10
156	9
157	8
158	14
159	18
160	13
161	9
162	6
163	6
164	10
165	15
166	12
167	18
168	16
169	8
170	11
171	7
172	11
173	10
174	9
175	13
176	6
177	11
178	5
179	11
180	11
181	8
182	14
183	11
184	8
185	9
186	11
187	8
188	7
189	6
190	12
191	9
192	7
193	6
194	9
195	6
196	8
197	6
198	11
199	18
200	12
201	8
202	13
203	8
204	13
205	4
206	6
207	8
208	10
209	11
210	9
211	9
212	8
213	6
214	8
215	4
216	9
217	9
218	6
219	8
220	13
221	11
222	9
223	10
224	11
225	10
226	10
227	3
228	9
229	7
230	9
231	7
232	15
233	10
234	14
235	13
236	12
237	8
238	9
239	10
240	6
241	9
242	8
243	12
244	5
245	13
246	12
247	8
248	10
249	8
250	5
251	8
252	9
253	6
254	14
255	9
256	10
257	13
258	10
259	11
260	12
261	5
262	11
263	7
264	9
265	15
266	7
267	9
268	9
269	16
270	16
271	10
272	8
273	12
274	16
275	7
276	10
277	17
278	13
279	9
280	12
281	16
282	7
283	12
284	18
285	16
286	11
287	8
288	2
289	12
290	13
291	16
292	11
293	10
294	11
295	18
296	12
297	12
298	8
299	15
300	11
301	12
302	14
303	8
304	17
305	14
306	16
307	11
308	7
309	11
310	10
311	13
312	8
313	8
314	11
315	11
316	7
317	14
318	13
319	14
320	20
321	13
322	13
323	15
324	20
325	25
326	13
327	10
328	14
329	14
330	6
331	5
332	12
333	10
334	9
335	10
336	14
337	15
338	14
339	16
340	8
341	8
342	13
343	19
344	8
345	16
346	14
347	13
348	13
349	16
350	11
351	15
352	9
353	11
354	14
355	11
356	14
357	14
358	18
359	9
360	9
361	11
362	17
363	13
364	13
365	13
366	7
367	8
368	8
369	16
370	8
371	10
372	8
373	7
374	14
375	12
376	9
377	10
378	11
379	9
380	13
381	11
382	6
383	8
384	13
385	7
386	14
387	12
388	14
389	11
390	5
391	17
392	8
393	9
394	8
395	11
396	15
397	13
398	8
399	10
400	11
401	8
402	9
403	11
404	16
405	10
406	12
407	12
408	11
409	7
410	8
411	8
412	7
413	9
414	5
415	9
416	15
417	9
418	19
419	10
420	8
421	10
422	7
423	12
424	10
425	4
426	10
427	8
428	10
429	12
430	5
431	6
432	9
433	8
434	6
435	11
436	9
437	6
438	8
439	10
440	15
441	8
442	7
443	8
444	10
445	14
446	15
447	8
448	8
449	4
450	14
451	5
452	10
453	5
454	8
455	10
456	10
457	14
458	7
459	15
460	10
461	6
462	18
463	20
464	12
465	13
466	14
467	9
468	10
469	10
470	10
471	11
472	12
473	12
474	10
475	9
476	12
477	14
478	13
479	8
480	19
481	12
482	14
483	9
484	12
485	12
486	13
487	13
488	12
489	14
490	12
491	12
492	18
493	11
494	15
495	12
496	11
497	9
498	7
499	10
500	12
501	8
502	12
503	13
504	4
505	7
506	16
507	16
508	13
509	15
510	10
511	12
512	10
513	8
514	11
515	9
516	11
517	18
518	13
519	9
520	13
521	13
522	7
523	12
524	12
525	11
526	14
527	12
528	13
529	9
530	13
531	14
532	7
533	10
534	10
535	9
536	6
537	22
538	15
539	8
540	12
541	15
542	15
543	10
544	21
545	11
546	10
547	14
548	12
549	11
550	16
551	21
552	12
553	14
554	12
555	16
556	9
557	10
558	13
559	8
560	7
561	10
562	18
563	10
564	15
565	12
566	20
567	7
568	13
569	19
570	7
571	18
572	11
573	13
574	13
575	18
576	14
577	13
578	23
579	16
580	21
581	13
582	12
583	18
584	17
585	9
586	13
587	19
588	17
589	14
590	15
591	22
592	15
593	23
594	18
595	14
596	15
597	19
598	22
599	24
600	17
601	18
602	22
603	16
604	29
605	16
606	22
607	17
608	28
609	33
610	18
611	26
612	31
613	24
614	25
615	19
616	24
617	33
618	27
619	19
620	23
621	22
622	32
623	40
624	37
625	42
626	39
627	32
628	42
629	25
630	31
631	39
632	33
633	36
634	31
635	33
636	32
637	31
638	39
639	26
640	38
641	32
642	37
643	33
644	28
645	40
646	36
647	44
648	39
649	36
650	38
651	45
652	43
653	36
654	42
655	31
656	31
657	41
658	32
659	42
660	27
661	27
662	45
663	39
664	29
665	35
666	26
667	27
668	41
669	31
670	25
671	29
672	32
673	26
674	31
675	30
676	32
677	44
678	32
679	24
680	22
681	35
682	19
683	25
684	31
685	39
686	24
687	22
688	16
689	20
690	18
691	15
692	21
693	21
694	24
695	22
696	16
697	15
698	20
699	22
700	20
701	20
702	20
703	31
704	26
705	15
706	17
707	22
708	17
709	21
710	16
711	23
712	20
713	26
714	20
715	27
716	23
717	12
718	16
719	15
720	24
721	17
722	16
723	16
724	16
725	22
726	20
727	20
728	19
729	15
730	17
731	17
732	19
733	19
734	21
735	20
736	18
737	22
738	16
739	13
740	18
741	17
742	27
743	16
744	20
745	23
746	21
747	18
748	17
749	16
750	20
751	17
752	18
753	15
754	19
755	21
756	25
757	16
758	21
759	24
760	17
761	19
762	21
763	21
764	20
765	24
766	24
767	24
768	20
769	22
770	21
771	25
772	8
773	26
774	17
775	21
776	19
777	28
778	25
779	27
780	15
781	24
782	20
783	24
784	20
785	16
786	14
787	24
788	23
789	34
790	22
791	22
792	28
793	17
794	25
795	17
796	25
797	27
798	29
799	17
800	23
801	29
802	30
803	27
804	19
805	23
806	23
807	22
808	26
809	24
810	15
811	20
812	28
813	25
814	27
815	18
816	25
817	15
818	28
819	23
820	24
821	19
822	25
823	30
824	25
825	29
826	22
827	29
828	24
829	22
830	22
831	23
832	25
833	24
834	27
835	23
836	30
837	15
838	24
839	21
840	19
841	26
842	32
843	29
844	26
845	31
846	24
847	28
848	28
849	34
850	18
851	24
852	25
853	21
854	25
855	33
856	33
857	30
858	28
859	33
860	27
861	30
862	33
863	35
864	22
865	27
866	29
867	25
868	28
869	17
870	27
871	29
872	23
873	23
874	23
875	31
876	30
877	31
878	29
879	23
880	26
881	30
882	31
883	30
884	24
885	19
886	35
887	31
888	41
889	22
890	34
891	23
892	31
893	25
894	30
895	31
896	36
897	29
898	35
899	39
900	29
901	33
902	37
903	28
904	32
905	37
906	34
907	28
908	31
909	34
910	41
911	42
912	29
913	30
914	41
915	31
916	42
917	30
918	35
919	37
920	37
921	31
922	32
923	39
924	29
925	39
926	39
927	33
928	36
929	38
930	43
931	39
932	43
933	37
934	42
935	41
936	46
937	37
938	49
939	44
940	46
941	45
942	44
943	34
944	36
945	36
946	51
947	44
948	49
949	51
950	43
951	33
952	36
953	44
954	53
955	43
956	37
957	39
958	44
959	42
960	39
961	43
962	55
963	50
964	45
965	42
966	64
967	60
968	47
969	50
970	59
971	50
972	42
973	49
974	72
975	52
976	55
977	37
978	54
979	56
980	51
981	46
982	61
983	52
984	69
985	56
986	52
987	56
988	72
989	65
990	62
991	58
992	86
993	61
994	75
995	63
996	66
997	65
998	68
999	57
1000	60
1001	70
1002	82
1003	62
1004	71
1005	79
1006	67
1007	60
1008	95
1009	76
1010	76
1011	69
1012	74
1013	87
1014	70
1015	65
1016	85
1017	81
1018	80
1019	70
1020	96
1021	86
1022	78
1023	74
1024	0
